[
	[
		103.89318,
		1.38335
	],
	[
		103.89297,
		1.38078
	],
	[
		103.8929,
		1.37997
	],
	[
		103.89162,
		1.38001
	],
	[
		103.89097,
		1.38021
	],
	[
		103.890677,
		1.380394
	],
	[
		103.89043,
		1.38055
	],
	[
		103.88845,
		1.38221
	],
	[
		103.8849,
		1.38531
	],
	[
		103.8845,
		1.38529
	],
	[
		103.882536,
		1.383192
	],
	[
		103.88216,
		1.38279
	],
	[
		103.88176,
		1.38214
	],
	[
		103.881697,
		1.381975
	],
	[
		103.8816,
		1.38172
	],
	[
		103.88156,
		1.3814
	],
	[
		103.88157,
		1.38084
	],
	[
		103.88044,
		1.3808
	],
	[
		103.88043,
		1.38107
	],
	[
		103.8803,
		1.38101
	],
	[
		103.88005,
		1.38097
	],
	[
		103.87983,
		1.38098
	],
	[
		103.87968,
		1.38102
	],
	[
		103.87953,
		1.3812
	],
	[
		103.87946,
		1.38146
	],
	[
		103.87955,
		1.38177
	],
	[
		103.879523,
		1.382003
	],
	[
		103.87951,
		1.38211
	],
	[
		103.87982,
		1.38281
	],
	[
		103.8802,
		1.38343
	],
	[
		103.880707,
		1.384027
	]
]