[
	[
		103.85524,
		1.32624
	],
	[
		103.85552,
		1.32662
	],
	[
		103.85594,
		1.3263
	],
	[
		103.8563,
		1.32602
	],
	[
		103.85728,
		1.32527
	],
	[
		103.85765,
		1.32498
	],
	[
		103.85793,
		1.32535
	],
	[
		103.85799,
		1.32539
	],
	[
		103.85807,
		1.3254
	],
	[
		103.85817,
		1.32536
	],
	[
		103.85869,
		1.32492
	],
	[
		103.859,
		1.32492
	],
	[
		103.85945,
		1.32538
	],
	[
		103.85968,
		1.3256
	],
	[
		103.85972,
		1.32571
	],
	[
		103.85971,
		1.32581
	],
	[
		103.85964,
		1.32594
	],
	[
		103.85933,
		1.32619
	],
	[
		103.85904,
		1.32643
	],
	[
		103.85851,
		1.32684
	],
	[
		103.85823,
		1.32706
	],
	[
		103.85822,
		1.32707
	],
	[
		103.85783,
		1.32737
	],
	[
		103.85773,
		1.32745
	],
	[
		103.85762,
		1.32779
	],
	[
		103.8574,
		1.32773
	],
	[
		103.85655,
		1.32787
	],
	[
		103.85637,
		1.3279
	],
	[
		103.85583,
		1.32798
	],
	[
		103.85577,
		1.32796
	],
	[
		103.85572,
		1.32792
	],
	[
		103.85533,
		1.32719
	],
	[
		103.85518,
		1.32699
	],
	[
		103.85509,
		1.32688
	],
	[
		103.8549,
		1.32666
	],
	[
		103.85483,
		1.32657
	],
	[
		103.8545,
		1.32617
	],
	[
		103.85395,
		1.32553
	],
	[
		103.85368,
		1.3252
	],
	[
		103.85351,
		1.32498
	],
	[
		103.85324,
		1.32466
	],
	[
		103.8532,
		1.32461
	],
	[
		103.85309,
		1.32448
	],
	[
		103.85261,
		1.32389
	],
	[
		103.85216,
		1.3234
	],
	[
		103.85249,
		1.323
	],
	[
		103.85251,
		1.32298
	],
	[
		103.85251,
		1.32297
	],
	[
		103.85272,
		1.32264
	],
	[
		103.85281,
		1.32234
	],
	[
		103.85289,
		1.3216
	],
	[
		103.85289,
		1.32152
	],
	[
		103.8529,
		1.32142
	],
	[
		103.85291,
		1.32138
	],
	[
		103.85295,
		1.32097
	],
	[
		103.85301,
		1.32046
	],
	[
		103.85303,
		1.32028
	],
	[
		103.85311,
		1.32006
	],
	[
		103.85326,
		1.31976
	],
	[
		103.85334,
		1.31963
	],
	[
		103.8534,
		1.31956
	],
	[
		103.85341,
		1.31955
	],
	[
		103.85353,
		1.31941
	],
	[
		103.85353,
		1.31941
	],
	[
		103.85356,
		1.31939
	],
	[
		103.85393,
		1.31916
	],
	[
		103.85425,
		1.31897
	],
	[
		103.85435,
		1.31891
	],
	[
		103.85439,
		1.31889
	],
	[
		103.85445,
		1.31885
	],
	[
		103.85457,
		1.31878
	],
	[
		103.85476,
		1.31866
	],
	[
		103.85481,
		1.31863
	],
	[
		103.85485,
		1.3186
	],
	[
		103.85515,
		1.31842
	],
	[
		103.85654,
		1.31755
	],
	[
		103.85678,
		1.31739
	],
	[
		103.8572,
		1.31713
	],
	[
		103.85721,
		1.31713
	],
	[
		103.8577,
		1.31682
	],
	[
		103.85831,
		1.31643
	],
	[
		103.85867,
		1.31619
	],
	[
		103.85877,
		1.31607
	],
	[
		103.85938,
		1.31684
	],
	[
		103.85982,
		1.31739
	],
	[
		103.86013,
		1.31776
	],
	[
		103.86013,
		1.31776
	],
	[
		103.86065,
		1.31837
	],
	[
		103.86116,
		1.31903
	],
	[
		103.86191,
		1.32
	],
	[
		103.86194,
		1.32004
	],
	[
		103.8625,
		1.32077
	],
	[
		103.86266,
		1.32097
	],
	[
		103.86316,
		1.3216
	],
	[
		103.86349,
		1.32202
	],
	[
		103.86367,
		1.32226
	],
	[
		103.86377,
		1.32238
	],
	[
		103.8639,
		1.32255
	],
	[
		103.86392,
		1.32257
	],
	[
		103.86401,
		1.32268
	],
	[
		103.86503,
		1.32397
	],
	[
		103.86544,
		1.32447
	],
	[
		103.86563,
		1.32472
	],
	[
		103.86564,
		1.32474
	],
	[
		103.86574,
		1.32486
	],
	[
		103.86589,
		1.32506
	],
	[
		103.86664,
		1.32597
	],
	[
		103.86708,
		1.32655
	],
	[
		103.86745,
		1.32701
	],
	[
		103.86773,
		1.32736
	],
	[
		103.86797,
		1.3275
	],
	[
		103.86821,
		1.32779
	],
	[
		103.86857,
		1.32835
	],
	[
		103.86887,
		1.32819
	],
	[
		103.86925,
		1.32821
	],
	[
		103.86947,
		1.32821
	],
	[
		103.8699,
		1.32832
	],
	[
		103.87018,
		1.32841
	],
	[
		103.87038,
		1.32838
	],
	[
		103.87046,
		1.32841
	],
	[
		103.87053,
		1.32843
	],
	[
		103.87054,
		1.32843
	],
	[
		103.87138,
		1.32869
	],
	[
		103.87249,
		1.32907
	],
	[
		103.87336,
		1.32846
	],
	[
		103.87336,
		1.32846
	],
	[
		103.87392,
		1.32807
	],
	[
		103.87536,
		1.32704
	],
	[
		103.87525,
		1.32688
	],
	[
		103.87483,
		1.32632
	],
	[
		103.87474,
		1.32619
	],
	[
		103.87457,
		1.32597
	],
	[
		103.87454,
		1.32593
	],
	[
		103.87426,
		1.32557
	],
	[
		103.8741,
		1.32532
	],
	[
		103.87406,
		1.32515
	],
	[
		103.87409,
		1.325
	],
	[
		103.87413,
		1.32492
	],
	[
		103.87469,
		1.32393
	],
	[
		103.87487,
		1.32361
	],
	[
		103.87491,
		1.32354
	],
	[
		103.87505,
		1.32325
	],
	[
		103.8753,
		1.32269
	],
	[
		103.87546,
		1.32235
	],
	[
		103.87562,
		1.32216
	],
	[
		103.87573,
		1.3221
	],
	[
		103.87585,
		1.32207
	],
	[
		103.87597,
		1.32207
	],
	[
		103.87623,
		1.32217
	],
	[
		103.87678,
		1.32239
	],
	[
		103.87679,
		1.3224
	],
	[
		103.87682,
		1.32241
	],
	[
		103.87727,
		1.3226
	],
	[
		103.87779,
		1.32281
	],
	[
		103.87794,
		1.32287
	],
	[
		103.87795,
		1.32287
	],
	[
		103.87844,
		1.32305
	],
	[
		103.87894,
		1.32325
	],
	[
		103.87902,
		1.32328
	],
	[
		103.87904,
		1.32329
	],
	[
		103.87906,
		1.32329
	],
	[
		103.87941,
		1.32343
	],
	[
		103.87988,
		1.32362
	],
	[
		103.88036,
		1.32381
	],
	[
		103.88086,
		1.32397
	],
	[
		103.88112,
		1.32408
	],
	[
		103.88114,
		1.32401
	],
	[
		103.88119,
		1.3238
	],
	[
		103.8813,
		1.32321
	],
	[
		103.8813,
		1.32319
	],
	[
		103.88133,
		1.32303
	],
	[
		103.88144,
		1.32255
	],
	[
		103.88156,
		1.32175
	],
	[
		103.88161,
		1.32119
	],
	[
		103.88165,
		1.321
	],
	[
		103.88168,
		1.32081
	],
	[
		103.88169,
		1.32076
	],
	[
		103.88176,
		1.32013
	],
	[
		103.88184,
		1.31937
	],
	[
		103.88187,
		1.31916
	],
	[
		103.88188,
		1.31895
	],
	[
		103.8819,
		1.31864
	],
	[
		103.8819,
		1.31864
	],
	[
		103.88191,
		1.31854
	],
	[
		103.8818,
		1.31854
	],
	[
		103.88179,
		1.31854
	],
	[
		103.88166,
		1.31855
	],
	[
		103.88118,
		1.31858
	],
	[
		103.88087,
		1.31859
	],
	[
		103.88077,
		1.31859
	],
	[
		103.8805,
		1.31855
	],
	[
		103.88048,
		1.31855
	],
	[
		103.88039,
		1.31854
	],
	[
		103.87958,
		1.31832
	],
	[
		103.87894,
		1.31814
	],
	[
		103.878,
		1.31788
	],
	[
		103.87799,
		1.31729
	],
	[
		103.87799,
		1.31723
	],
	[
		103.87799,
		1.31679
	],
	[
		103.87799,
		1.31671
	],
	[
		103.87802,
		1.31626
	],
	[
		103.87808,
		1.3158
	],
	[
		103.87811,
		1.31562
	],
	[
		103.87823,
		1.3151
	],
	[
		103.87825,
		1.31499
	],
	[
		103.87841,
		1.3143
	],
	[
		103.87854,
		1.31434
	],
	[
		103.87905,
		1.31443
	],
	[
		103.87994,
		1.3146
	],
	[
		103.88068,
		1.31474
	],
	[
		103.88098,
		1.31479
	],
	[
		103.881,
		1.31479
	],
	[
		103.8813,
		1.31485
	],
	[
		103.8816,
		1.3149
	],
	[
		103.88176,
		1.31534
	],
	[
		103.88181,
		1.31549
	],
	[
		103.88184,
		1.31621
	],
	[
		103.88184,
		1.31621
	],
	[
		103.88192,
		1.31789
	],
	[
		103.88192,
		1.31809
	],
	[
		103.88191,
		1.31841
	],
	[
		103.88191,
		1.31842
	],
	[
		103.88191,
		1.31854
	],
	[
		103.8819,
		1.31864
	],
	[
		103.8819,
		1.31864
	],
	[
		103.88188,
		1.31895
	],
	[
		103.88187,
		1.31916
	],
	[
		103.88184,
		1.31937
	],
	[
		103.88184,
		1.31937
	],
	[
		103.88176,
		1.32013
	],
	[
		103.88169,
		1.32076
	],
	[
		103.88168,
		1.32081
	],
	[
		103.88165,
		1.321
	],
	[
		103.88161,
		1.32119
	],
	[
		103.88156,
		1.32175
	],
	[
		103.88144,
		1.32255
	],
	[
		103.88133,
		1.32303
	],
	[
		103.8813,
		1.32319
	],
	[
		103.8813,
		1.3232
	],
	[
		103.88119,
		1.3238
	],
	[
		103.88109,
		1.3239
	],
	[
		103.88101,
		1.32396
	],
	[
		103.88098,
		1.32396
	],
	[
		103.88086,
		1.32397
	],
	[
		103.88036,
		1.32381
	],
	[
		103.87988,
		1.32362
	],
	[
		103.87941,
		1.32343
	],
	[
		103.8791,
		1.32331
	],
	[
		103.87904,
		1.32329
	],
	[
		103.87902,
		1.32328
	],
	[
		103.87894,
		1.32325
	],
	[
		103.87844,
		1.32305
	],
	[
		103.87795,
		1.32287
	],
	[
		103.87794,
		1.32287
	],
	[
		103.87779,
		1.32281
	],
	[
		103.87727,
		1.3226
	],
	[
		103.87679,
		1.3224
	],
	[
		103.87678,
		1.32239
	],
	[
		103.87675,
		1.32238
	],
	[
		103.87623,
		1.32217
	],
	[
		103.87597,
		1.32207
	],
	[
		103.87585,
		1.32207
	],
	[
		103.87573,
		1.3221
	],
	[
		103.87562,
		1.32216
	],
	[
		103.87546,
		1.32235
	],
	[
		103.87535,
		1.32259
	],
	[
		103.8753,
		1.32269
	],
	[
		103.87505,
		1.32325
	],
	[
		103.87491,
		1.32354
	],
	[
		103.87487,
		1.32361
	],
	[
		103.87469,
		1.32393
	],
	[
		103.87413,
		1.32492
	],
	[
		103.87409,
		1.325
	],
	[
		103.87406,
		1.32515
	],
	[
		103.8741,
		1.32532
	],
	[
		103.87426,
		1.32557
	],
	[
		103.87454,
		1.32593
	],
	[
		103.87474,
		1.32619
	],
	[
		103.87305,
		1.32742
	],
	[
		103.87275,
		1.32765
	],
	[
		103.87262,
		1.32775
	],
	[
		103.87261,
		1.32776
	],
	[
		103.87224,
		1.32804
	],
	[
		103.87138,
		1.32869
	],
	[
		103.87053,
		1.32843
	],
	[
		103.87049,
		1.32842
	],
	[
		103.87046,
		1.32841
	],
	[
		103.87038,
		1.32838
	],
	[
		103.87026,
		1.32823
	],
	[
		103.86952,
		1.32799
	],
	[
		103.86942,
		1.32795
	],
	[
		103.86935,
		1.32787
	],
	[
		103.86924,
		1.32773
	],
	[
		103.86911,
		1.32759
	],
	[
		103.86885,
		1.32739
	],
	[
		103.86865,
		1.32737
	],
	[
		103.86845,
		1.32729
	],
	[
		103.86832,
		1.3269
	],
	[
		103.86823,
		1.32635
	],
	[
		103.86823,
		1.32631
	],
	[
		103.86812,
		1.32549
	],
	[
		103.86802,
		1.32514
	],
	[
		103.86778,
		1.32454
	],
	[
		103.86761,
		1.32423
	],
	[
		103.86756,
		1.32415
	],
	[
		103.86753,
		1.3241
	],
	[
		103.86724,
		1.32366
	],
	[
		103.8669,
		1.32313
	],
	[
		103.86688,
		1.32311
	],
	[
		103.86665,
		1.32276
	],
	[
		103.86622,
		1.3221
	],
	[
		103.86618,
		1.32204
	],
	[
		103.86602,
		1.3218
	],
	[
		103.86572,
		1.32135
	],
	[
		103.86544,
		1.32092
	],
	[
		103.86541,
		1.32088
	],
	[
		103.86466,
		1.31975
	],
	[
		103.86451,
		1.31953
	],
	[
		103.86412,
		1.31896
	],
	[
		103.86411,
		1.31895
	],
	[
		103.86397,
		1.31874
	],
	[
		103.8639,
		1.31863
	],
	[
		103.86376,
		1.31844
	],
	[
		103.86327,
		1.3178
	],
	[
		103.86304,
		1.31752
	],
	[
		103.86254,
		1.31687
	],
	[
		103.86236,
		1.31664
	],
	[
		103.86176,
		1.31584
	],
	[
		103.86107,
		1.31497
	],
	[
		103.86102,
		1.3149
	],
	[
		103.8608,
		1.31462
	],
	[
		103.86033,
		1.31403
	],
	[
		103.8601,
		1.3137
	],
	[
		103.85998,
		1.31354
	],
	[
		103.85988,
		1.31334
	],
	[
		103.8598,
		1.31294
	],
	[
		103.85978,
		1.31287
	],
	[
		103.85978,
		1.31287
	],
	[
		103.85961,
		1.31222
	],
	[
		103.85957,
		1.31208
	],
	[
		103.85951,
		1.31185
	],
	[
		103.85918,
		1.31134
	],
	[
		103.85897,
		1.31103
	],
	[
		103.85855,
		1.3104
	],
	[
		103.85824,
		1.30992
	],
	[
		103.85782,
		1.30929
	],
	[
		103.85741,
		1.3097
	],
	[
		103.8574,
		1.3097
	],
	[
		103.85656,
		1.31052
	],
	[
		103.85634,
		1.31077
	],
	[
		103.85541,
		1.31181
	],
	[
		103.85581,
		1.31231
	],
	[
		103.85616,
		1.31275
	],
	[
		103.85633,
		1.31297
	],
	[
		103.85642,
		1.31309
	],
	[
		103.85668,
		1.31341
	],
	[
		103.85717,
		1.31403
	],
	[
		103.85759,
		1.31456
	],
	[
		103.85791,
		1.31498
	],
	[
		103.85793,
		1.315
	],
	[
		103.85877,
		1.31607
	],
	[
		103.85867,
		1.31619
	],
	[
		103.85831,
		1.31643
	],
	[
		103.8577,
		1.31682
	],
	[
		103.8572,
		1.31713
	],
	[
		103.85678,
		1.31739
	],
	[
		103.85676,
		1.31741
	],
	[
		103.85654,
		1.31755
	],
	[
		103.85519,
		1.31839
	],
	[
		103.85515,
		1.31842
	],
	[
		103.85485,
		1.3186
	],
	[
		103.85476,
		1.31866
	],
	[
		103.85457,
		1.31878
	],
	[
		103.85445,
		1.31885
	],
	[
		103.85439,
		1.31889
	],
	[
		103.85435,
		1.31891
	],
	[
		103.85425,
		1.31897
	],
	[
		103.85393,
		1.31916
	],
	[
		103.85356,
		1.31939
	],
	[
		103.85353,
		1.31941
	],
	[
		103.85352,
		1.31941
	],
	[
		103.85342,
		1.31948
	],
	[
		103.85336,
		1.31951
	],
	[
		103.85332,
		1.31954
	],
	[
		103.85326,
		1.31956
	],
	[
		103.85326,
		1.31957
	],
	[
		103.8531,
		1.31963
	],
	[
		103.85308,
		1.31981
	],
	[
		103.85308,
		1.31988
	],
	[
		103.85306,
		1.32004
	],
	[
		103.85303,
		1.32028
	],
	[
		103.85301,
		1.32046
	],
	[
		103.85295,
		1.32097
	],
	[
		103.85295,
		1.321
	],
	[
		103.8529,
		1.32142
	],
	[
		103.85289,
		1.32152
	],
	[
		103.85289,
		1.3216
	],
	[
		103.85281,
		1.32234
	],
	[
		103.85272,
		1.32264
	],
	[
		103.8539,
		1.32269
	],
	[
		103.85452,
		1.32272
	],
	[
		103.85478,
		1.32274
	],
	[
		103.85488,
		1.32272
	],
	[
		103.85509,
		1.32261
	],
	[
		103.85525,
		1.32256
	],
	[
		103.85544,
		1.32255
	],
	[
		103.8555,
		1.32257
	],
	[
		103.85563,
		1.32261
	],
	[
		103.85576,
		1.32269
	],
	[
		103.85584,
		1.32277
	],
	[
		103.85629,
		1.32331
	],
	[
		103.85631,
		1.32334
	],
	[
		103.85668,
		1.32377
	],
	[
		103.85765,
		1.32498
	],
	[
		103.8577,
		1.32504
	],
	[
		103.85793,
		1.32535
	],
	[
		103.85799,
		1.32539
	],
	[
		103.85807,
		1.3254
	],
	[
		103.85817,
		1.32536
	],
	[
		103.85843,
		1.32514
	],
	[
		103.85869,
		1.32492
	],
	[
		103.85881,
		1.32492
	],
	[
		103.859,
		1.32492
	],
	[
		103.85942,
		1.32535
	],
	[
		103.85945,
		1.32538
	],
	[
		103.85968,
		1.3256
	],
	[
		103.85972,
		1.32571
	],
	[
		103.85971,
		1.32581
	],
	[
		103.85964,
		1.32594
	],
	[
		103.85933,
		1.32619
	],
	[
		103.85904,
		1.32643
	],
	[
		103.85851,
		1.32684
	],
	[
		103.85823,
		1.32706
	],
	[
		103.85783,
		1.32737
	],
	[
		103.85773,
		1.32745
	],
	[
		103.85762,
		1.32779
	],
	[
		103.8574,
		1.32773
	],
	[
		103.85655,
		1.32787
	],
	[
		103.85637,
		1.3279
	],
	[
		103.85586,
		1.32798
	],
	[
		103.85583,
		1.32798
	],
	[
		103.85577,
		1.32796
	],
	[
		103.85572,
		1.32792
	],
	[
		103.85533,
		1.32719
	],
	[
		103.85518,
		1.32699
	],
	[
		103.85525,
		1.32684
	],
	[
		103.85552,
		1.32662
	],
	[
		103.85524,
		1.32624
	]
]