[
	[
		103.81732,
		1.28208
	],
	[
		103.81739,
		1.28233
	],
	[
		103.81746,
		1.2826
	],
	[
		103.81728,
		1.28265
	],
	[
		103.816,
		1.283
	],
	[
		103.81549,
		1.28316
	],
	[
		103.81533,
		1.28328
	],
	[
		103.81509,
		1.28345
	],
	[
		103.81506,
		1.28347
	],
	[
		103.81502,
		1.2835
	],
	[
		103.81474,
		1.28364
	],
	[
		103.81466,
		1.28368
	],
	[
		103.81464,
		1.28369
	],
	[
		103.81462,
		1.2837
	],
	[
		103.81442,
		1.2838
	],
	[
		103.81422,
		1.2839
	],
	[
		103.81415,
		1.28396
	],
	[
		103.81411,
		1.28404
	],
	[
		103.8141,
		1.28412
	],
	[
		103.81411,
		1.28416
	],
	[
		103.81412,
		1.2842
	],
	[
		103.8142,
		1.28452
	],
	[
		103.81433,
		1.285
	],
	[
		103.81424,
		1.28503
	],
	[
		103.81378,
		1.28515
	],
	[
		103.81377,
		1.28515
	],
	[
		103.81374,
		1.28516
	],
	[
		103.81372,
		1.28517
	],
	[
		103.81362,
		1.28519
	],
	[
		103.81343,
		1.28524
	],
	[
		103.81334,
		1.28527
	],
	[
		103.81244,
		1.28551
	],
	[
		103.81126,
		1.28583
	],
	[
		103.81116,
		1.28584
	],
	[
		103.81049,
		1.28592
	],
	[
		103.8103,
		1.28594
	],
	[
		103.81021,
		1.28595
	],
	[
		103.81029,
		1.28646
	],
	[
		103.81035,
		1.28686
	],
	[
		103.81134,
		1.2867
	],
	[
		103.81167,
		1.28665
	],
	[
		103.81194,
		1.2866
	],
	[
		103.81201,
		1.28659
	],
	[
		103.81273,
		1.28647
	],
	[
		103.81301,
		1.28649
	],
	[
		103.81308,
		1.28651
	],
	[
		103.81321,
		1.28655
	],
	[
		103.81346,
		1.28669
	],
	[
		103.81405,
		1.28726
	],
	[
		103.81423,
		1.28744
	],
	[
		103.81425,
		1.28746
	],
	[
		103.81452,
		1.28771
	],
	[
		103.81465,
		1.28792
	],
	[
		103.81473,
		1.2881
	],
	[
		103.81492,
		1.28833
	],
	[
		103.8152,
		1.28854
	],
	[
		103.81499,
		1.28889
	],
	[
		103.81498,
		1.2889
	],
	[
		103.8149,
		1.28903
	],
	[
		103.81483,
		1.28916
	],
	[
		103.81479,
		1.28922
	],
	[
		103.81462,
		1.28935
	],
	[
		103.81442,
		1.2894
	],
	[
		103.8141,
		1.28938
	],
	[
		103.81404,
		1.28937
	],
	[
		103.81398,
		1.28937
	],
	[
		103.81357,
		1.28933
	],
	[
		103.81352,
		1.28934
	],
	[
		103.81346,
		1.28936
	],
	[
		103.81322,
		1.28947
	],
	[
		103.81312,
		1.28955
	],
	[
		103.81328,
		1.28983
	],
	[
		103.8134,
		1.29058
	],
	[
		103.81179,
		1.29083
	],
	[
		103.81146,
		1.29088
	],
	[
		103.81134,
		1.2909
	],
	[
		103.81109,
		1.29094
	],
	[
		103.8099,
		1.2911
	],
	[
		103.80917,
		1.29121
	],
	[
		103.80903,
		1.29127
	],
	[
		103.8089,
		1.29137
	],
	[
		103.80875,
		1.29152
	],
	[
		103.80832,
		1.29188
	],
	[
		103.80841,
		1.29199
	],
	[
		103.80846,
		1.29205
	],
	[
		103.80864,
		1.29226
	],
	[
		103.80881,
		1.29239
	],
	[
		103.80909,
		1.29249
	],
	[
		103.80935,
		1.29252
	],
	[
		103.8096,
		1.2925
	],
	[
		103.81025,
		1.29239
	],
	[
		103.8107,
		1.29231
	],
	[
		103.8107,
		1.29231
	],
	[
		103.81144,
		1.29219
	],
	[
		103.81144,
		1.29219
	],
	[
		103.81162,
		1.29215
	],
	[
		103.81233,
		1.29203
	],
	[
		103.81238,
		1.29202
	],
	[
		103.813,
		1.29192
	],
	[
		103.81394,
		1.29177
	],
	[
		103.81436,
		1.2917
	],
	[
		103.81438,
		1.29169
	],
	[
		103.81439,
		1.29169
	],
	[
		103.81447,
		1.29168
	],
	[
		103.81448,
		1.29168
	],
	[
		103.81467,
		1.29164
	],
	[
		103.81476,
		1.29163
	],
	[
		103.81479,
		1.29162
	],
	[
		103.81492,
		1.2916
	],
	[
		103.81523,
		1.29155
	],
	[
		103.81524,
		1.29154
	],
	[
		103.81527,
		1.29154
	],
	[
		103.81527,
		1.29154
	],
	[
		103.8153,
		1.29153
	],
	[
		103.81537,
		1.29152
	],
	[
		103.81544,
		1.29152
	],
	[
		103.81546,
		1.29152
	],
	[
		103.81547,
		1.29152
	],
	[
		103.81572,
		1.2915
	],
	[
		103.81584,
		1.2915
	],
	[
		103.81591,
		1.29149
	],
	[
		103.81603,
		1.29149
	],
	[
		103.81657,
		1.29143
	],
	[
		103.81747,
		1.29134
	],
	[
		103.81754,
		1.29134
	],
	[
		103.81756,
		1.29134
	],
	[
		103.81759,
		1.29133
	],
	[
		103.81759,
		1.29133
	],
	[
		103.81848,
		1.29125
	],
	[
		103.81869,
		1.29124
	],
	[
		103.81903,
		1.2912
	],
	[
		103.82046,
		1.29106
	],
	[
		103.82052,
		1.29106
	],
	[
		103.82053,
		1.29106
	],
	[
		103.82056,
		1.29105
	],
	[
		103.82056,
		1.29105
	],
	[
		103.8208,
		1.29103
	],
	[
		103.82133,
		1.29098
	],
	[
		103.82164,
		1.29097
	],
	[
		103.82308,
		1.29083
	],
	[
		103.82318,
		1.29082
	],
	[
		103.82359,
		1.29078
	],
	[
		103.82364,
		1.29077
	],
	[
		103.82365,
		1.29077
	],
	[
		103.82399,
		1.29074
	],
	[
		103.82406,
		1.29073
	],
	[
		103.8244,
		1.29069
	],
	[
		103.82474,
		1.29065
	],
	[
		103.82571,
		1.29059
	],
	[
		103.82581,
		1.29062
	],
	[
		103.82584,
		1.29063
	],
	[
		103.82603,
		1.29077
	],
	[
		103.82613,
		1.29095
	],
	[
		103.82618,
		1.29116
	],
	[
		103.82609,
		1.29143
	],
	[
		103.82603,
		1.29165
	],
	[
		103.82603,
		1.29166
	],
	[
		103.82602,
		1.29167
	],
	[
		103.82596,
		1.29192
	],
	[
		103.82594,
		1.29206
	],
	[
		103.82594,
		1.2921
	],
	[
		103.82593,
		1.29214
	],
	[
		103.82591,
		1.29238
	],
	[
		103.82593,
		1.29248
	],
	[
		103.82598,
		1.29272
	],
	[
		103.82598,
		1.29273
	],
	[
		103.82598,
		1.29274
	],
	[
		103.82599,
		1.2928
	],
	[
		103.826,
		1.29282
	],
	[
		103.82601,
		1.29284
	],
	[
		103.82602,
		1.29287
	],
	[
		103.82607,
		1.29299
	],
	[
		103.82609,
		1.29301
	],
	[
		103.82609,
		1.29301
	],
	[
		103.8261,
		1.29302
	],
	[
		103.82616,
		1.29308
	],
	[
		103.82631,
		1.29321
	],
	[
		103.82641,
		1.29328
	],
	[
		103.82644,
		1.29331
	],
	[
		103.82644,
		1.29331
	],
	[
		103.82645,
		1.29331
	],
	[
		103.82645,
		1.29331
	],
	[
		103.82657,
		1.29339
	],
	[
		103.82739,
		1.29397
	],
	[
		103.82742,
		1.29399
	],
	[
		103.82745,
		1.29401
	],
	[
		103.82752,
		1.29405
	],
	[
		103.82803,
		1.2944
	],
	[
		103.82809,
		1.29444
	],
	[
		103.82812,
		1.29446
	],
	[
		103.82812,
		1.29446
	],
	[
		103.82814,
		1.29447
	],
	[
		103.82852,
		1.29473
	],
	[
		103.82855,
		1.29475
	],
	[
		103.82858,
		1.29477
	],
	[
		103.82858,
		1.29477
	],
	[
		103.82878,
		1.29491
	],
	[
		103.82878,
		1.29491
	],
	[
		103.82879,
		1.29491
	],
	[
		103.82913,
		1.29515
	],
	[
		103.82916,
		1.29517
	],
	[
		103.82919,
		1.29519
	],
	[
		103.82955,
		1.29533
	],
	[
		103.82958,
		1.29534
	],
	[
		103.8296,
		1.29535
	],
	[
		103.82982,
		1.29543
	],
	[
		103.83028,
		1.2956
	],
	[
		103.83036,
		1.29563
	],
	[
		103.83105,
		1.29588
	],
	[
		103.83123,
		1.29594
	],
	[
		103.83135,
		1.29599
	],
	[
		103.83138,
		1.296
	],
	[
		103.83141,
		1.29601
	],
	[
		103.8317,
		1.29611
	],
	[
		103.8319,
		1.29618
	],
	[
		103.83237,
		1.2963
	],
	[
		103.8325,
		1.29632
	],
	[
		103.83252,
		1.29632
	],
	[
		103.83259,
		1.29632
	],
	[
		103.83268,
		1.29632
	],
	[
		103.83304,
		1.29628
	],
	[
		103.83309,
		1.29627
	],
	[
		103.8332,
		1.29626
	],
	[
		103.83341,
		1.29623
	],
	[
		103.83347,
		1.29622
	],
	[
		103.83355,
		1.29621
	],
	[
		103.83401,
		1.29614
	],
	[
		103.83409,
		1.29613
	],
	[
		103.83417,
		1.29612
	],
	[
		103.83481,
		1.29602
	],
	[
		103.83541,
		1.29593
	],
	[
		103.8355,
		1.29592
	],
	[
		103.83559,
		1.29591
	],
	[
		103.83596,
		1.29585
	],
	[
		103.83604,
		1.29584
	],
	[
		103.83606,
		1.29584
	],
	[
		103.83611,
		1.29583
	],
	[
		103.8362,
		1.29581
	],
	[
		103.83623,
		1.29581
	],
	[
		103.83623,
		1.29581
	],
	[
		103.83681,
		1.29571
	],
	[
		103.83697,
		1.29567
	],
	[
		103.83716,
		1.29564
	],
	[
		103.83726,
		1.29562
	],
	[
		103.83734,
		1.2956
	],
	[
		103.83743,
		1.2956
	],
	[
		103.8375,
		1.29559
	],
	[
		103.83763,
		1.29559
	],
	[
		103.83775,
		1.29558
	],
	[
		103.83794,
		1.2956
	],
	[
		103.83874,
		1.29576
	],
	[
		103.83882,
		1.29578
	],
	[
		103.83889,
		1.29579
	],
	[
		103.83935,
		1.29583
	],
	[
		103.83939,
		1.29583
	],
	[
		103.83955,
		1.29585
	],
	[
		103.83958,
		1.29585
	],
	[
		103.84003,
		1.2959
	],
	[
		103.8401,
		1.2959
	],
	[
		103.84018,
		1.29591
	],
	[
		103.84051,
		1.29593
	],
	[
		103.84058,
		1.29593
	],
	[
		103.84074,
		1.29593
	],
	[
		103.84096,
		1.29588
	],
	[
		103.84121,
		1.29571
	],
	[
		103.84146,
		1.29541
	],
	[
		103.84173,
		1.29485
	],
	[
		103.84187,
		1.29457
	],
	[
		103.84211,
		1.29422
	],
	[
		103.84215,
		1.29416
	],
	[
		103.84224,
		1.29407
	],
	[
		103.84226,
		1.29405
	],
	[
		103.84253,
		1.29376
	],
	[
		103.84255,
		1.29375
	],
	[
		103.84278,
		1.29361
	],
	[
		103.84284,
		1.29358
	],
	[
		103.84308,
		1.29344
	],
	[
		103.84334,
		1.29328
	],
	[
		103.84354,
		1.29331
	],
	[
		103.84355,
		1.29331
	],
	[
		103.84366,
		1.29334
	],
	[
		103.84385,
		1.29345
	],
	[
		103.844,
		1.29359
	],
	[
		103.84407,
		1.2938
	],
	[
		103.84411,
		1.2939
	],
	[
		103.84414,
		1.29424
	],
	[
		103.84409,
		1.29466
	],
	[
		103.84409,
		1.29467
	],
	[
		103.84409,
		1.2947
	],
	[
		103.84409,
		1.29472
	],
	[
		103.84409,
		1.29472
	],
	[
		103.84402,
		1.2953
	],
	[
		103.844,
		1.2955
	],
	[
		103.84392,
		1.29615
	],
	[
		103.84391,
		1.29625
	],
	[
		103.84391,
		1.29627
	],
	[
		103.84391,
		1.29628
	],
	[
		103.8439,
		1.29631
	],
	[
		103.8439,
		1.29634
	],
	[
		103.84388,
		1.29648
	],
	[
		103.84386,
		1.29665
	],
	[
		103.84386,
		1.29671
	],
	[
		103.84384,
		1.29694
	],
	[
		103.84384,
		1.29695
	],
	[
		103.84383,
		1.29709
	],
	[
		103.84381,
		1.29724
	],
	[
		103.84378,
		1.29773
	],
	[
		103.84373,
		1.29825
	],
	[
		103.84371,
		1.29858
	],
	[
		103.8437,
		1.29874
	],
	[
		103.84369,
		1.29882
	],
	[
		103.84362,
		1.29887
	],
	[
		103.84305,
		1.29925
	],
	[
		103.84284,
		1.29938
	],
	[
		103.84291,
		1.29965
	],
	[
		103.843,
		1.30001
	],
	[
		103.84311,
		1.29997
	],
	[
		103.84355,
		1.29983
	],
	[
		103.84371,
		1.29978
	],
	[
		103.84373,
		1.29977
	],
	[
		103.84375,
		1.29976
	],
	[
		103.84448,
		1.29953
	],
	[
		103.84456,
		1.29951
	],
	[
		103.84473,
		1.29945
	],
	[
		103.84475,
		1.29944
	],
	[
		103.84477,
		1.29942
	],
	[
		103.84523,
		1.29927
	],
	[
		103.84526,
		1.29926
	],
	[
		103.84528,
		1.29925
	],
	[
		103.84578,
		1.29909
	],
	[
		103.84643,
		1.29887
	],
	[
		103.84651,
		1.29885
	],
	[
		103.84654,
		1.29884
	],
	[
		103.84703,
		1.29868
	],
	[
		103.84751,
		1.29871
	],
	[
		103.84818,
		1.29875
	],
	[
		103.84845,
		1.29869
	],
	[
		103.8487,
		1.2986
	],
	[
		103.84917,
		1.29913
	],
	[
		103.84918,
		1.29914
	],
	[
		103.84922,
		1.29918
	],
	[
		103.84939,
		1.29938
	],
	[
		103.84951,
		1.29962
	],
	[
		103.84988,
		1.30095
	],
	[
		103.84989,
		1.30098
	],
	[
		103.84989,
		1.30098
	],
	[
		103.84996,
		1.30124
	],
	[
		103.84999,
		1.30139
	],
	[
		103.85,
		1.30163
	],
	[
		103.85005,
		1.30196
	],
	[
		103.85006,
		1.30301
	],
	[
		103.85007,
		1.30306
	],
	[
		103.85007,
		1.30312
	],
	[
		103.85011,
		1.30349
	],
	[
		103.85015,
		1.3037
	],
	[
		103.85015,
		1.30374
	],
	[
		103.8502,
		1.30389
	],
	[
		103.85026,
		1.3041
	],
	[
		103.85034,
		1.30422
	],
	[
		103.85043,
		1.30436
	],
	[
		103.85068,
		1.30473
	],
	[
		103.85089,
		1.3051
	],
	[
		103.85106,
		1.30531
	],
	[
		103.85123,
		1.30559
	],
	[
		103.85128,
		1.30568
	],
	[
		103.85148,
		1.306
	],
	[
		103.85154,
		1.30609
	],
	[
		103.8517,
		1.30632
	],
	[
		103.85185,
		1.30657
	],
	[
		103.85191,
		1.30665
	],
	[
		103.85222,
		1.30712
	],
	[
		103.85255,
		1.30763
	],
	[
		103.85271,
		1.30786
	],
	[
		103.85294,
		1.30824
	],
	[
		103.85321,
		1.30865
	],
	[
		103.85326,
		1.30874
	],
	[
		103.85328,
		1.30876
	],
	[
		103.85335,
		1.30888
	],
	[
		103.85336,
		1.30889
	],
	[
		103.85352,
		1.30914
	],
	[
		103.85362,
		1.30929
	],
	[
		103.85367,
		1.30937
	],
	[
		103.85383,
		1.30962
	],
	[
		103.85397,
		1.30983
	],
	[
		103.85411,
		1.31005
	],
	[
		103.85438,
		1.31047
	],
	[
		103.85447,
		1.3106
	],
	[
		103.85464,
		1.31083
	],
	[
		103.85469,
		1.31089
	],
	[
		103.85502,
		1.31132
	],
	[
		103.85541,
		1.31181
	],
	[
		103.85581,
		1.31231
	],
	[
		103.85616,
		1.31275
	],
	[
		103.85633,
		1.31297
	],
	[
		103.85642,
		1.31309
	],
	[
		103.85668,
		1.31341
	],
	[
		103.85717,
		1.31403
	],
	[
		103.85759,
		1.31456
	],
	[
		103.85791,
		1.31498
	],
	[
		103.85793,
		1.315
	],
	[
		103.85808,
		1.31519
	],
	[
		103.85877,
		1.31607
	],
	[
		103.85867,
		1.31619
	],
	[
		103.85831,
		1.31643
	],
	[
		103.8577,
		1.31682
	],
	[
		103.85725,
		1.3171
	],
	[
		103.85721,
		1.31713
	],
	[
		103.85692,
		1.31731
	],
	[
		103.85678,
		1.31739
	],
	[
		103.85676,
		1.31741
	],
	[
		103.85654,
		1.31755
	],
	[
		103.85519,
		1.31839
	],
	[
		103.85515,
		1.31842
	],
	[
		103.85513,
		1.31843
	],
	[
		103.85508,
		1.31846
	],
	[
		103.85485,
		1.3186
	],
	[
		103.85481,
		1.31863
	],
	[
		103.85476,
		1.31866
	],
	[
		103.85457,
		1.31878
	],
	[
		103.85445,
		1.31885
	],
	[
		103.85439,
		1.31889
	],
	[
		103.85435,
		1.31891
	],
	[
		103.85425,
		1.31897
	],
	[
		103.8542,
		1.319
	],
	[
		103.85393,
		1.31916
	],
	[
		103.85379,
		1.31925
	],
	[
		103.85356,
		1.31939
	],
	[
		103.85353,
		1.31941
	],
	[
		103.85352,
		1.31941
	],
	[
		103.85342,
		1.31948
	],
	[
		103.85336,
		1.31951
	],
	[
		103.85332,
		1.31954
	],
	[
		103.85326,
		1.31956
	],
	[
		103.85326,
		1.31957
	],
	[
		103.8531,
		1.31963
	],
	[
		103.85309,
		1.3198
	],
	[
		103.85308,
		1.31981
	],
	[
		103.85308,
		1.31982
	],
	[
		103.85308,
		1.31988
	],
	[
		103.85306,
		1.32004
	],
	[
		103.85303,
		1.32028
	],
	[
		103.85302,
		1.32035
	],
	[
		103.85301,
		1.32046
	],
	[
		103.85299,
		1.32066
	],
	[
		103.85295,
		1.32097
	],
	[
		103.85295,
		1.321
	],
	[
		103.85291,
		1.32138
	],
	[
		103.8529,
		1.32144
	],
	[
		103.85289,
		1.32152
	],
	[
		103.85289,
		1.3216
	],
	[
		103.85281,
		1.32234
	],
	[
		103.85272,
		1.32264
	],
	[
		103.8539,
		1.32269
	],
	[
		103.85452,
		1.32272
	],
	[
		103.85472,
		1.32274
	],
	[
		103.85478,
		1.32274
	],
	[
		103.85479,
		1.32274
	],
	[
		103.85488,
		1.32272
	],
	[
		103.85509,
		1.32261
	],
	[
		103.85525,
		1.32256
	],
	[
		103.85544,
		1.32255
	],
	[
		103.8555,
		1.32257
	],
	[
		103.85563,
		1.32261
	],
	[
		103.85576,
		1.32269
	],
	[
		103.85584,
		1.32277
	],
	[
		103.85604,
		1.32301
	],
	[
		103.85629,
		1.32331
	],
	[
		103.85631,
		1.32334
	],
	[
		103.85632,
		1.32335
	],
	[
		103.85634,
		1.32337
	],
	[
		103.85668,
		1.32377
	],
	[
		103.85719,
		1.32439
	],
	[
		103.85765,
		1.32498
	],
	[
		103.85793,
		1.32535
	],
	[
		103.85799,
		1.32539
	],
	[
		103.85807,
		1.3254
	],
	[
		103.85817,
		1.32536
	],
	[
		103.85843,
		1.32514
	],
	[
		103.85869,
		1.32492
	],
	[
		103.85881,
		1.32492
	],
	[
		103.859,
		1.32492
	],
	[
		103.85942,
		1.32535
	],
	[
		103.85945,
		1.32538
	],
	[
		103.85945,
		1.32538
	],
	[
		103.85968,
		1.3256
	],
	[
		103.85972,
		1.32571
	],
	[
		103.85971,
		1.32581
	],
	[
		103.85964,
		1.32594
	],
	[
		103.85933,
		1.32619
	],
	[
		103.85904,
		1.32643
	],
	[
		103.85851,
		1.32684
	],
	[
		103.85823,
		1.32706
	],
	[
		103.85823,
		1.32706
	],
	[
		103.85822,
		1.32707
	],
	[
		103.85783,
		1.32737
	],
	[
		103.85773,
		1.32745
	],
	[
		103.85762,
		1.32779
	],
	[
		103.8574,
		1.32773
	],
	[
		103.85655,
		1.32787
	],
	[
		103.85637,
		1.3279
	],
	[
		103.85583,
		1.32798
	],
	[
		103.85577,
		1.32796
	],
	[
		103.85572,
		1.32792
	],
	[
		103.85533,
		1.32719
	],
	[
		103.85455,
		1.32769
	],
	[
		103.85439,
		1.3278
	],
	[
		103.85437,
		1.32781
	],
	[
		103.85398,
		1.32806
	],
	[
		103.85395,
		1.32808
	],
	[
		103.85389,
		1.32812
	],
	[
		103.85388,
		1.32813
	],
	[
		103.85379,
		1.32818
	],
	[
		103.85357,
		1.32828
	],
	[
		103.85332,
		1.32829
	],
	[
		103.85315,
		1.32824
	],
	[
		103.85295,
		1.3281
	],
	[
		103.85278,
		1.3279
	],
	[
		103.85245,
		1.32754
	],
	[
		103.85235,
		1.32749
	],
	[
		103.85225,
		1.32749
	],
	[
		103.85109,
		1.32809
	],
	[
		103.85105,
		1.32811
	],
	[
		103.85095,
		1.32816
	],
	[
		103.85086,
		1.3282
	],
	[
		103.85048,
		1.3284
	],
	[
		103.8494,
		1.32895
	],
	[
		103.84896,
		1.3284
	],
	[
		103.84814,
		1.32879
	],
	[
		103.84809,
		1.32878
	],
	[
		103.84738,
		1.32792
	],
	[
		103.84726,
		1.32783
	],
	[
		103.84675,
		1.32769
	],
	[
		103.84632,
		1.3276
	],
	[
		103.846,
		1.32758
	],
	[
		103.84578,
		1.32757
	],
	[
		103.84577,
		1.32757
	],
	[
		103.84569,
		1.32756
	],
	[
		103.84532,
		1.32756
	],
	[
		103.84507,
		1.32755
	],
	[
		103.84486,
		1.32755
	],
	[
		103.8448,
		1.32752
	],
	[
		103.84479,
		1.32747
	],
	[
		103.84479,
		1.32657
	],
	[
		103.84446,
		1.32661
	],
	[
		103.8442,
		1.3266
	],
	[
		103.8442,
		1.3266
	],
	[
		103.84403,
		1.32659
	],
	[
		103.84393,
		1.32658
	],
	[
		103.84384,
		1.32657
	],
	[
		103.84373,
		1.32656
	],
	[
		103.84371,
		1.32656
	],
	[
		103.84345,
		1.32654
	],
	[
		103.84303,
		1.3265
	],
	[
		103.8424,
		1.32645
	],
	[
		103.84219,
		1.32643
	],
	[
		103.84204,
		1.32642
	],
	[
		103.84203,
		1.32642
	],
	[
		103.84197,
		1.32641
	],
	[
		103.84189,
		1.32641
	],
	[
		103.84182,
		1.3264
	],
	[
		103.84179,
		1.32645
	],
	[
		103.84177,
		1.3265
	],
	[
		103.84176,
		1.32652
	],
	[
		103.84174,
		1.32655
	],
	[
		103.84171,
		1.32662
	],
	[
		103.84164,
		1.32675
	],
	[
		103.84155,
		1.32693
	],
	[
		103.84138,
		1.32725
	],
	[
		103.84136,
		1.32728
	],
	[
		103.84132,
		1.32737
	],
	[
		103.8411,
		1.32778
	],
	[
		103.84109,
		1.32782
	],
	[
		103.84107,
		1.32785
	],
	[
		103.84106,
		1.32787
	],
	[
		103.841,
		1.32799
	],
	[
		103.8409,
		1.32818
	],
	[
		103.84073,
		1.32852
	],
	[
		103.84072,
		1.32854
	],
	[
		103.84071,
		1.32856
	],
	[
		103.84071,
		1.32856
	],
	[
		103.8407,
		1.32859
	],
	[
		103.84067,
		1.32864
	],
	[
		103.84064,
		1.32869
	],
	[
		103.84059,
		1.3288
	],
	[
		103.84055,
		1.32888
	],
	[
		103.84055,
		1.32888
	],
	[
		103.84054,
		1.32889
	],
	[
		103.84054,
		1.32889
	],
	[
		103.8405,
		1.32898
	],
	[
		103.84042,
		1.32913
	],
	[
		103.84041,
		1.32914
	],
	[
		103.84033,
		1.3293
	],
	[
		103.83998,
		1.32954
	],
	[
		103.83983,
		1.32961
	],
	[
		103.83969,
		1.32961
	],
	[
		103.83959,
		1.32957
	],
	[
		103.8395,
		1.3295
	],
	[
		103.83944,
		1.3294
	],
	[
		103.83941,
		1.3293
	],
	[
		103.8394,
		1.32919
	],
	[
		103.83939,
		1.32909
	],
	[
		103.83942,
		1.329
	],
	[
		103.83945,
		1.32894
	],
	[
		103.83952,
		1.32888
	],
	[
		103.83971,
		1.32884
	],
	[
		103.84008,
		1.32891
	],
	[
		103.84042,
		1.32913
	],
	[
		103.84056,
		1.32923
	],
	[
		103.84064,
		1.32927
	],
	[
		103.84095,
		1.32944
	],
	[
		103.84128,
		1.32958
	],
	[
		103.84181,
		1.32973
	],
	[
		103.84243,
		1.32982
	],
	[
		103.84382,
		1.32986
	],
	[
		103.84383,
		1.32986
	],
	[
		103.84405,
		1.32986
	],
	[
		103.84497,
		1.32989
	],
	[
		103.84523,
		1.32996
	],
	[
		103.84546,
		1.33
	],
	[
		103.8456,
		1.33005
	],
	[
		103.8457,
		1.33011
	],
	[
		103.84578,
		1.3302
	],
	[
		103.846,
		1.33074
	],
	[
		103.846,
		1.33075
	],
	[
		103.84611,
		1.331
	],
	[
		103.84612,
		1.33106
	],
	[
		103.84616,
		1.3312
	],
	[
		103.84622,
		1.3314
	],
	[
		103.84622,
		1.3314
	],
	[
		103.84623,
		1.33141
	],
	[
		103.84625,
		1.3315
	],
	[
		103.84627,
		1.33157
	],
	[
		103.84635,
		1.33156
	],
	[
		103.84643,
		1.33154
	],
	[
		103.84645,
		1.33154
	],
	[
		103.84647,
		1.33154
	],
	[
		103.84648,
		1.33154
	],
	[
		103.84668,
		1.3315
	],
	[
		103.84688,
		1.33147
	],
	[
		103.84693,
		1.33147
	],
	[
		103.84707,
		1.33145
	],
	[
		103.84753,
		1.33139
	],
	[
		103.8475,
		1.33163
	]
]