[
	[
		103.76941,
		1.29386
	],
	[
		103.7691,
		1.29387
	],
	[
		103.76937,
		1.29433
	],
	[
		103.76952,
		1.2948
	],
	[
		103.76955,
		1.29498
	],
	[
		103.7696,
		1.29523
	],
	[
		103.76963,
		1.29573
	],
	[
		103.76964,
		1.29586
	],
	[
		103.76964,
		1.29602
	],
	[
		103.76964,
		1.29609
	],
	[
		103.76971,
		1.2961
	],
	[
		103.76971,
		1.2961
	],
	[
		103.76976,
		1.29611
	],
	[
		103.76991,
		1.29615
	],
	[
		103.76999,
		1.29617
	],
	[
		103.77035,
		1.29626
	],
	[
		103.77054,
		1.29631
	],
	[
		103.77073,
		1.29633
	],
	[
		103.77075,
		1.29633
	],
	[
		103.77093,
		1.29635
	],
	[
		103.77156,
		1.29631
	],
	[
		103.7719,
		1.29634
	],
	[
		103.77217,
		1.29642
	],
	[
		103.77241,
		1.29657
	],
	[
		103.77263,
		1.2968
	],
	[
		103.77272,
		1.29694
	],
	[
		103.77283,
		1.29716
	],
	[
		103.77291,
		1.29736
	],
	[
		103.77292,
		1.29738
	],
	[
		103.77306,
		1.29778
	],
	[
		103.77317,
		1.29793
	],
	[
		103.7733,
		1.29804
	],
	[
		103.77376,
		1.29834
	],
	[
		103.77398,
		1.29855
	],
	[
		103.77416,
		1.29877
	],
	[
		103.77426,
		1.29893
	],
	[
		103.77429,
		1.29898
	],
	[
		103.7743,
		1.29899
	],
	[
		103.77442,
		1.29929
	],
	[
		103.77444,
		1.29943
	],
	[
		103.77447,
		1.29957
	],
	[
		103.77457,
		1.29967
	],
	[
		103.77456,
		1.2998
	],
	[
		103.77456,
		1.29996
	],
	[
		103.77455,
		1.29997
	],
	[
		103.77451,
		1.30016
	],
	[
		103.77439,
		1.30037
	],
	[
		103.77412,
		1.30066
	],
	[
		103.77367,
		1.30092
	],
	[
		103.77335,
		1.30104
	],
	[
		103.77313,
		1.30107
	],
	[
		103.7727,
		1.30106
	],
	[
		103.7727,
		1.30106
	],
	[
		103.7724,
		1.30105
	],
	[
		103.77212,
		1.30105
	],
	[
		103.77202,
		1.30104
	],
	[
		103.77173,
		1.3011
	],
	[
		103.77124,
		1.30128
	],
	[
		103.77083,
		1.30142
	],
	[
		103.77072,
		1.30147
	],
	[
		103.77058,
		1.30153
	],
	[
		103.77052,
		1.30155
	],
	[
		103.77051,
		1.30155
	],
	[
		103.77047,
		1.30157
	],
	[
		103.77049,
		1.30161
	],
	[
		103.77059,
		1.3018
	],
	[
		103.77065,
		1.30191
	],
	[
		103.77079,
		1.30222
	],
	[
		103.77083,
		1.30232
	],
	[
		103.77086,
		1.30239
	],
	[
		103.77093,
		1.30257
	],
	[
		103.77097,
		1.30268
	],
	[
		103.771,
		1.30277
	],
	[
		103.7711,
		1.3031
	],
	[
		103.7712,
		1.30368
	],
	[
		103.7712,
		1.30408
	],
	[
		103.7712,
		1.30428
	],
	[
		103.7712,
		1.30488
	],
	[
		103.77119,
		1.30543
	],
	[
		103.77119,
		1.30567
	],
	[
		103.7712,
		1.30602
	],
	[
		103.77123,
		1.30644
	],
	[
		103.7713,
		1.30686
	],
	[
		103.77133,
		1.30711
	],
	[
		103.77149,
		1.30791
	],
	[
		103.77151,
		1.30801
	],
	[
		103.77157,
		1.30829
	],
	[
		103.77159,
		1.30841
	],
	[
		103.77173,
		1.30898
	],
	[
		103.77173,
		1.30899
	],
	[
		103.77181,
		1.30932
	],
	[
		103.77184,
		1.30948
	],
	[
		103.77186,
		1.30962
	],
	[
		103.77189,
		1.30976
	],
	[
		103.7719,
		1.30988
	],
	[
		103.77192,
		1.31
	],
	[
		103.77193,
		1.31015
	],
	[
		103.77201,
		1.31051
	],
	[
		103.77211,
		1.31088
	],
	[
		103.7722,
		1.31136
	],
	[
		103.77222,
		1.31151
	],
	[
		103.77225,
		1.31171
	],
	[
		103.77224,
		1.31202
	],
	[
		103.77224,
		1.31203
	],
	[
		103.77223,
		1.31211
	],
	[
		103.77224,
		1.31217
	],
	[
		103.77224,
		1.31217
	],
	[
		103.77227,
		1.31258
	],
	[
		103.77226,
		1.31264
	],
	[
		103.77223,
		1.31286
	],
	[
		103.77196,
		1.3149
	],
	[
		103.77196,
		1.3149
	],
	[
		103.77181,
		1.31606
	],
	[
		103.77178,
		1.31619
	],
	[
		103.77173,
		1.31653
	],
	[
		103.77172,
		1.31658
	],
	[
		103.77171,
		1.31663
	],
	[
		103.77166,
		1.31687
	],
	[
		103.77162,
		1.31703
	],
	[
		103.77143,
		1.31784
	],
	[
		103.77143,
		1.31786
	],
	[
		103.77141,
		1.31794
	],
	[
		103.77139,
		1.31804
	],
	[
		103.77126,
		1.31857
	],
	[
		103.77115,
		1.31894
	],
	[
		103.77107,
		1.31921
	],
	[
		103.77099,
		1.31953
	],
	[
		103.77071,
		1.32052
	],
	[
		103.77072,
		1.32091
	],
	[
		103.77072,
		1.32094
	],
	[
		103.77073,
		1.32101
	],
	[
		103.77076,
		1.32117
	],
	[
		103.77078,
		1.32126
	],
	[
		103.77087,
		1.3215
	],
	[
		103.77097,
		1.32176
	],
	[
		103.77114,
		1.32209
	],
	[
		103.7712,
		1.32221
	],
	[
		103.77214,
		1.32363
	],
	[
		103.77231,
		1.32389
	],
	[
		103.77233,
		1.32394
	],
	[
		103.7724,
		1.32404
	],
	[
		103.77278,
		1.3244
	],
	[
		103.77303,
		1.32461
	],
	[
		103.77346,
		1.32493
	],
	[
		103.77363,
		1.32499
	],
	[
		103.77436,
		1.32519
	],
	[
		103.77464,
		1.32533
	],
	[
		103.77491,
		1.32552
	],
	[
		103.77517,
		1.32581
	],
	[
		103.77536,
		1.32606
	],
	[
		103.7757,
		1.32668
	],
	[
		103.77571,
		1.32669
	],
	[
		103.77592,
		1.32707
	],
	[
		103.77624,
		1.32759
	],
	[
		103.77651,
		1.32791
	],
	[
		103.77726,
		1.32893
	],
	[
		103.77734,
		1.32907
	],
	[
		103.77749,
		1.32935
	],
	[
		103.77759,
		1.32958
	],
	[
		103.77768,
		1.32979
	],
	[
		103.77771,
		1.32996
	],
	[
		103.77783,
		1.33119
	],
	[
		103.77784,
		1.33183
	],
	[
		103.77788,
		1.33235
	],
	[
		103.77788,
		1.33236
	],
	[
		103.77788,
		1.33244
	],
	[
		103.77789,
		1.33288
	],
	[
		103.77789,
		1.33307
	],
	[
		103.77791,
		1.33371
	],
	[
		103.77799,
		1.33446
	],
	[
		103.77821,
		1.33532
	],
	[
		103.77821,
		1.33548
	],
	[
		103.77821,
		1.33549
	],
	[
		103.77822,
		1.33581
	],
	[
		103.77825,
		1.33605
	],
	[
		103.77825,
		1.33606
	],
	[
		103.77826,
		1.33609
	],
	[
		103.77857,
		1.33708
	],
	[
		103.7787,
		1.33744
	],
	[
		103.77874,
		1.33755
	],
	[
		103.77883,
		1.33755
	],
	[
		103.77893,
		1.33756
	],
	[
		103.77901,
		1.33757
	],
	[
		103.77908,
		1.33757
	],
	[
		103.77922,
		1.33758
	],
	[
		103.77938,
		1.33754
	],
	[
		103.7795,
		1.3375
	],
	[
		103.78101,
		1.33697
	],
	[
		103.78123,
		1.33691
	],
	[
		103.78272,
		1.33639
	],
	[
		103.78336,
		1.33615
	],
	[
		103.78356,
		1.33609
	],
	[
		103.78424,
		1.33587
	],
	[
		103.78461,
		1.33574
	],
	[
		103.78463,
		1.33574
	],
	[
		103.78537,
		1.33548
	],
	[
		103.78644,
		1.3351
	],
	[
		103.78725,
		1.33482
	],
	[
		103.78754,
		1.33472
	],
	[
		103.78772,
		1.33466
	],
	[
		103.78776,
		1.33464
	],
	[
		103.78809,
		1.33453
	],
	[
		103.78928,
		1.33413
	],
	[
		103.78999,
		1.33388
	],
	[
		103.79107,
		1.33351
	],
	[
		103.79203,
		1.33317
	],
	[
		103.79204,
		1.33317
	],
	[
		103.79428,
		1.33237
	],
	[
		103.79448,
		1.33231
	],
	[
		103.79546,
		1.33196
	],
	[
		103.79566,
		1.33189
	],
	[
		103.79595,
		1.33179
	],
	[
		103.79614,
		1.33172
	],
	[
		103.79637,
		1.33164
	],
	[
		103.79653,
		1.33158
	],
	[
		103.79761,
		1.33119
	],
	[
		103.79768,
		1.33117
	],
	[
		103.79782,
		1.33112
	],
	[
		103.79789,
		1.3311
	],
	[
		103.79827,
		1.33097
	],
	[
		103.79846,
		1.3309
	],
	[
		103.79949,
		1.33055
	],
	[
		103.79992,
		1.3304
	],
	[
		103.8,
		1.33037
	],
	[
		103.80085,
		1.33007
	],
	[
		103.80161,
		1.3298
	],
	[
		103.80196,
		1.32968
	],
	[
		103.80301,
		1.32931
	],
	[
		103.80301,
		1.32931
	],
	[
		103.80307,
		1.32929
	],
	[
		103.80353,
		1.32908
	],
	[
		103.80585,
		1.32757
	],
	[
		103.80644,
		1.32717
	],
	[
		103.80652,
		1.32711
	],
	[
		103.80749,
		1.32646
	],
	[
		103.80752,
		1.32643
	],
	[
		103.80853,
		1.32575
	],
	[
		103.80978,
		1.32491
	],
	[
		103.8102,
		1.32464
	],
	[
		103.81022,
		1.32463
	],
	[
		103.81064,
		1.32435
	],
	[
		103.81226,
		1.32398
	],
	[
		103.8127,
		1.32395
	],
	[
		103.8132,
		1.32389
	],
	[
		103.81334,
		1.32388
	],
	[
		103.81345,
		1.32386
	],
	[
		103.81357,
		1.32383
	],
	[
		103.81373,
		1.32379
	],
	[
		103.81399,
		1.32368
	],
	[
		103.81448,
		1.32348
	],
	[
		103.81474,
		1.32344
	],
	[
		103.8159,
		1.32329
	],
	[
		103.8163,
		1.32324
	],
	[
		103.8163,
		1.32324
	],
	[
		103.81645,
		1.32323
	],
	[
		103.817,
		1.32316
	],
	[
		103.81871,
		1.32297
	],
	[
		103.81987,
		1.32266
	],
	[
		103.82004,
		1.32262
	],
	[
		103.82022,
		1.32257
	],
	[
		103.82237,
		1.322
	],
	[
		103.8229,
		1.32183
	],
	[
		103.82335,
		1.3218
	],
	[
		103.82337,
		1.3218
	],
	[
		103.82342,
		1.32178
	],
	[
		103.8241,
		1.32155
	],
	[
		103.82424,
		1.3215
	],
	[
		103.82513,
		1.32121
	],
	[
		103.82529,
		1.32122
	],
	[
		103.82541,
		1.32127
	],
	[
		103.82556,
		1.3214
	],
	[
		103.8256,
		1.32146
	],
	[
		103.82568,
		1.32156
	],
	[
		103.82585,
		1.32207
	],
	[
		103.82585,
		1.32209
	],
	[
		103.82597,
		1.32243
	],
	[
		103.82651,
		1.32353
	],
	[
		103.82677,
		1.32403
	],
	[
		103.82665,
		1.32513
	],
	[
		103.82664,
		1.32539
	],
	[
		103.82668,
		1.32585
	],
	[
		103.82679,
		1.3262
	],
	[
		103.82687,
		1.3265
	],
	[
		103.82692,
		1.32664
	],
	[
		103.82696,
		1.32679
	],
	[
		103.82699,
		1.32689
	],
	[
		103.82707,
		1.32708
	],
	[
		103.82711,
		1.32717
	],
	[
		103.8272,
		1.32733
	],
	[
		103.82733,
		1.32749
	],
	[
		103.82748,
		1.32759
	],
	[
		103.82763,
		1.32766
	],
	[
		103.82783,
		1.32769
	],
	[
		103.828,
		1.32768
	],
	[
		103.82826,
		1.32762
	],
	[
		103.82988,
		1.32703
	],
	[
		103.83016,
		1.3269
	],
	[
		103.8306,
		1.32661
	],
	[
		103.83144,
		1.32614
	],
	[
		103.83187,
		1.32599
	],
	[
		103.83234,
		1.32593
	],
	[
		103.83279,
		1.32596
	],
	[
		103.83327,
		1.32607
	],
	[
		103.83407,
		1.32631
	],
	[
		103.83418,
		1.32635
	],
	[
		103.83471,
		1.32651
	],
	[
		103.83678,
		1.32719
	],
	[
		103.83727,
		1.32744
	],
	[
		103.83728,
		1.32744
	],
	[
		103.83729,
		1.32745
	],
	[
		103.83786,
		1.32764
	],
	[
		103.83835,
		1.32786
	],
	[
		103.83871,
		1.32805
	],
	[
		103.83884,
		1.32813
	],
	[
		103.83919,
		1.32841
	],
	[
		103.84008,
		1.32891
	],
	[
		103.84042,
		1.32913
	],
	[
		103.84056,
		1.32923
	],
	[
		103.84064,
		1.32927
	],
	[
		103.84095,
		1.32944
	],
	[
		103.84128,
		1.32958
	],
	[
		103.84181,
		1.32973
	],
	[
		103.84243,
		1.32982
	],
	[
		103.84382,
		1.32986
	],
	[
		103.84383,
		1.32986
	],
	[
		103.84497,
		1.32989
	],
	[
		103.84596,
		1.32992
	],
	[
		103.84663,
		1.32994
	],
	[
		103.84749,
		1.32986
	],
	[
		103.85309,
		1.32943
	],
	[
		103.85504,
		1.32925
	],
	[
		103.85563,
		1.32922
	],
	[
		103.85622,
		1.32918
	],
	[
		103.85663,
		1.32924
	],
	[
		103.85798,
		1.32961
	],
	[
		103.85931,
		1.33006
	],
	[
		103.86009,
		1.33044
	],
	[
		103.86035,
		1.33053
	],
	[
		103.86082,
		1.3307
	],
	[
		103.86085,
		1.3307
	],
	[
		103.86148,
		1.33077
	],
	[
		103.8618,
		1.3308
	],
	[
		103.86212,
		1.33077
	],
	[
		103.86225,
		1.33076
	],
	[
		103.86232,
		1.33076
	],
	[
		103.86241,
		1.33073
	],
	[
		103.86292,
		1.33056
	],
	[
		103.86309,
		1.33051
	],
	[
		103.86327,
		1.33046
	],
	[
		103.8635,
		1.33036
	],
	[
		103.86372,
		1.33027
	],
	[
		103.86441,
		1.32998
	],
	[
		103.86509,
		1.32966
	],
	[
		103.86585,
		1.32934
	],
	[
		103.86625,
		1.3292
	],
	[
		103.86631,
		1.32918
	],
	[
		103.86671,
		1.32905
	],
	[
		103.86743,
		1.32886
	],
	[
		103.86771,
		1.32876
	],
	[
		103.86799,
		1.32865
	],
	[
		103.86819,
		1.32855
	],
	[
		103.86844,
		1.32842
	],
	[
		103.86857,
		1.32835
	],
	[
		103.86887,
		1.32819
	],
	[
		103.86925,
		1.32821
	],
	[
		103.86947,
		1.32821
	],
	[
		103.8699,
		1.32832
	],
	[
		103.87018,
		1.32841
	],
	[
		103.87038,
		1.32838
	],
	[
		103.87053,
		1.32843
	],
	[
		103.87054,
		1.32843
	],
	[
		103.87138,
		1.32869
	],
	[
		103.87249,
		1.32907
	],
	[
		103.87355,
		1.32944
	],
	[
		103.87399,
		1.32959
	],
	[
		103.87402,
		1.3296
	],
	[
		103.87436,
		1.32972
	],
	[
		103.87497,
		1.32993
	],
	[
		103.87532,
		1.33006
	],
	[
		103.87614,
		1.33034
	],
	[
		103.87645,
		1.33042
	],
	[
		103.87719,
		1.33065
	],
	[
		103.87728,
		1.33068
	],
	[
		103.87816,
		1.33095
	],
	[
		103.87837,
		1.33103
	],
	[
		103.87887,
		1.33121
	],
	[
		103.87902,
		1.33126
	],
	[
		103.87915,
		1.33131
	],
	[
		103.87955,
		1.33144
	],
	[
		103.8798,
		1.33153
	],
	[
		103.88069,
		1.33172
	],
	[
		103.88116,
		1.33183
	],
	[
		103.88119,
		1.33183
	],
	[
		103.88151,
		1.3319
	],
	[
		103.88237,
		1.33207
	],
	[
		103.88253,
		1.33211
	],
	[
		103.88374,
		1.33238
	],
	[
		103.88467,
		1.33258
	],
	[
		103.88505,
		1.33267
	],
	[
		103.88511,
		1.33268
	],
	[
		103.88526,
		1.33271
	],
	[
		103.88586,
		1.33285
	],
	[
		103.88696,
		1.3331
	],
	[
		103.88726,
		1.33317
	],
	[
		103.8873,
		1.33319
	],
	[
		103.88762,
		1.33327
	],
	[
		103.88803,
		1.33335
	],
	[
		103.88881,
		1.33352
	],
	[
		103.88897,
		1.33357
	],
	[
		103.8891,
		1.3336
	],
	[
		103.88974,
		1.33379
	],
	[
		103.89015,
		1.3339
	],
	[
		103.89051,
		1.33402
	],
	[
		103.89058,
		1.33404
	],
	[
		103.89088,
		1.33416
	],
	[
		103.89135,
		1.33435
	],
	[
		103.89245,
		1.33488
	],
	[
		103.89244,
		1.33488
	],
	[
		103.89272,
		1.33502
	],
	[
		103.89348,
		1.33544
	],
	[
		103.89389,
		1.33573
	],
	[
		103.89419,
		1.33595
	],
	[
		103.89428,
		1.33601
	],
	[
		103.89479,
		1.33643
	],
	[
		103.89484,
		1.33647
	],
	[
		103.89511,
		1.3367
	],
	[
		103.89579,
		1.33731
	],
	[
		103.89584,
		1.33746
	],
	[
		103.89584,
		1.33747
	],
	[
		103.89586,
		1.33753
	],
	[
		103.89589,
		1.3376
	],
	[
		103.8959,
		1.33782
	],
	[
		103.89582,
		1.33811
	],
	[
		103.89567,
		1.33827
	],
	[
		103.89553,
		1.33843
	],
	[
		103.89523,
		1.33866
	],
	[
		103.89517,
		1.3387
	],
	[
		103.89469,
		1.33906
	],
	[
		103.89435,
		1.33924
	],
	[
		103.89333,
		1.33968
	],
	[
		103.89297,
		1.33987
	],
	[
		103.89256,
		1.34014
	],
	[
		103.89214,
		1.34067
	],
	[
		103.89211,
		1.34074
	],
	[
		103.8921,
		1.34075
	],
	[
		103.89178,
		1.3413
	],
	[
		103.89158,
		1.34194
	],
	[
		103.89147,
		1.34264
	],
	[
		103.8914,
		1.34325
	],
	[
		103.89129,
		1.34375
	],
	[
		103.89125,
		1.3439
	],
	[
		103.8912,
		1.34414
	],
	[
		103.89118,
		1.34423
	],
	[
		103.89118,
		1.34425
	],
	[
		103.89081,
		1.34593
	],
	[
		103.89064,
		1.34662
	],
	[
		103.89051,
		1.347
	],
	[
		103.89039,
		1.34727
	],
	[
		103.89015,
		1.34771
	],
	[
		103.89014,
		1.34773
	],
	[
		103.88986,
		1.34824
	],
	[
		103.88977,
		1.34851
	],
	[
		103.88969,
		1.34894
	],
	[
		103.88969,
		1.34924
	],
	[
		103.88976,
		1.34981
	],
	[
		103.88996,
		1.35073
	],
	[
		103.88997,
		1.35075
	],
	[
		103.88997,
		1.35075
	],
	[
		103.89018,
		1.35119
	],
	[
		103.89023,
		1.35139
	],
	[
		103.89036,
		1.3517
	],
	[
		103.89043,
		1.35187
	],
	[
		103.89054,
		1.35211
	],
	[
		103.89057,
		1.35218
	],
	[
		103.89059,
		1.35224
	],
	[
		103.89075,
		1.35261
	],
	[
		103.89099,
		1.35318
	],
	[
		103.89112,
		1.35352
	],
	[
		103.89112,
		1.35352
	],
	[
		103.89115,
		1.35359
	],
	[
		103.89131,
		1.35386
	],
	[
		103.89148,
		1.35431
	],
	[
		103.89191,
		1.35532
	],
	[
		103.89202,
		1.35564
	],
	[
		103.89229,
		1.35648
	],
	[
		103.89229,
		1.35648
	],
	[
		103.89282,
		1.35813
	],
	[
		103.893,
		1.35894
	],
	[
		103.89306,
		1.35918
	],
	[
		103.89306,
		1.3592
	],
	[
		103.89313,
		1.35974
	],
	[
		103.89313,
		1.35978
	],
	[
		103.89313,
		1.35979
	],
	[
		103.89315,
		1.36041
	],
	[
		103.89313,
		1.36066
	],
	[
		103.89308,
		1.36105
	],
	[
		103.89305,
		1.3612
	],
	[
		103.89302,
		1.36143
	],
	[
		103.89302,
		1.36143
	],
	[
		103.89301,
		1.3615
	],
	[
		103.89306,
		1.36151
	],
	[
		103.89335,
		1.36154
	],
	[
		103.89336,
		1.36154
	],
	[
		103.89355,
		1.36157
	],
	[
		103.89422,
		1.36163
	],
	[
		103.89422,
		1.36163
	],
	[
		103.89494,
		1.36169
	],
	[
		103.8951,
		1.36171
	],
	[
		103.8953,
		1.36173
	],
	[
		103.89537,
		1.36174
	],
	[
		103.89532,
		1.36216
	],
	[
		103.89535,
		1.36247
	],
	[
		103.89542,
		1.36267
	],
	[
		103.89574,
		1.36343
	],
	[
		103.89585,
		1.36363
	],
	[
		103.896,
		1.36381
	],
	[
		103.89609,
		1.36389
	],
	[
		103.89694,
		1.36469
	],
	[
		103.89695,
		1.3647
	],
	[
		103.89791,
		1.3656
	],
	[
		103.89719,
		1.36637
	],
	[
		103.89697,
		1.36661
	],
	[
		103.89654,
		1.36707
	],
	[
		103.89646,
		1.36716
	],
	[
		103.89645,
		1.36718
	],
	[
		103.89608,
		1.36766
	],
	[
		103.89591,
		1.36788
	],
	[
		103.89561,
		1.36823
	],
	[
		103.89548,
		1.36837
	],
	[
		103.89498,
		1.3689
	],
	[
		103.89489,
		1.36901
	],
	[
		103.89474,
		1.36918
	],
	[
		103.89472,
		1.3692
	],
	[
		103.89466,
		1.36927
	],
	[
		103.89458,
		1.36935
	],
	[
		103.89458,
		1.36935
	],
	[
		103.89447,
		1.36946
	],
	[
		103.89436,
		1.36957
	],
	[
		103.89423,
		1.36969
	],
	[
		103.89403,
		1.36993
	],
	[
		103.89401,
		1.37001
	],
	[
		103.894,
		1.37028
	],
	[
		103.894,
		1.37049
	],
	[
		103.89395,
		1.3706
	],
	[
		103.89367,
		1.3709
	],
	[
		103.89332,
		1.37124
	],
	[
		103.89316,
		1.37133
	],
	[
		103.89303,
		1.37135
	],
	[
		103.89208,
		1.37134
	],
	[
		103.89208,
		1.37107
	]
]