[
	[
		103.7408,
		1.33246
	],
	[
		103.74093,
		1.33264
	],
	[
		103.74105,
		1.33272
	],
	[
		103.74081,
		1.33317
	],
	[
		103.74073,
		1.33339
	],
	[
		103.74068,
		1.33394
	],
	[
		103.74064,
		1.33418
	],
	[
		103.74062,
		1.3343
	],
	[
		103.74056,
		1.33464
	],
	[
		103.74053,
		1.33478
	],
	[
		103.74052,
		1.33485
	],
	[
		103.74045,
		1.33503
	],
	[
		103.74032,
		1.3352
	],
	[
		103.74017,
		1.33533
	],
	[
		103.73997,
		1.33544
	],
	[
		103.73971,
		1.33548
	],
	[
		103.73943,
		1.33544
	],
	[
		103.73926,
		1.33541
	],
	[
		103.73885,
		1.33534
	],
	[
		103.73886,
		1.33541
	],
	[
		103.73887,
		1.33553
	],
	[
		103.73888,
		1.33562
	],
	[
		103.73892,
		1.33571
	],
	[
		103.73893,
		1.33574
	],
	[
		103.73894,
		1.33578
	],
	[
		103.73901,
		1.33589
	],
	[
		103.73903,
		1.33593
	],
	[
		103.73913,
		1.33604
	],
	[
		103.73935,
		1.33627
	],
	[
		103.73982,
		1.33677
	],
	[
		103.7399,
		1.33708
	],
	[
		103.73988,
		1.33722
	],
	[
		103.73983,
		1.33731
	],
	[
		103.73956,
		1.33756
	],
	[
		103.73921,
		1.33772
	],
	[
		103.73913,
		1.33778
	],
	[
		103.73884,
		1.33798
	],
	[
		103.73849,
		1.33826
	],
	[
		103.73692,
		1.33951
	],
	[
		103.73675,
		1.33964
	],
	[
		103.73625,
		1.34003
	],
	[
		103.7355,
		1.34061
	],
	[
		103.73504,
		1.34094
	],
	[
		103.73489,
		1.34105
	],
	[
		103.735,
		1.3412
	],
	[
		103.73536,
		1.3417
	],
	[
		103.73553,
		1.34196
	],
	[
		103.73564,
		1.34215
	],
	[
		103.73579,
		1.34248
	],
	[
		103.73586,
		1.34263
	],
	[
		103.73603,
		1.34309
	],
	[
		103.73611,
		1.34328
	],
	[
		103.73618,
		1.3435
	],
	[
		103.73633,
		1.34393
	],
	[
		103.7365,
		1.34437
	],
	[
		103.73651,
		1.3444
	],
	[
		103.73653,
		1.34445
	],
	[
		103.73681,
		1.34504
	],
	[
		103.7373,
		1.34596
	],
	[
		103.73778,
		1.34691
	],
	[
		103.73792,
		1.34718
	],
	[
		103.73805,
		1.34742
	],
	[
		103.73817,
		1.34775
	],
	[
		103.73825,
		1.34797
	],
	[
		103.73832,
		1.3484
	],
	[
		103.73833,
		1.34878
	],
	[
		103.73828,
		1.34925
	],
	[
		103.73817,
		1.34966
	],
	[
		103.73815,
		1.34975
	],
	[
		103.7387,
		1.34977
	],
	[
		103.73956,
		1.34979
	],
	[
		103.73957,
		1.35076
	],
	[
		103.73957,
		1.35097
	],
	[
		103.73959,
		1.35166
	],
	[
		103.73957,
		1.35176
	],
	[
		103.73954,
		1.35188
	],
	[
		103.73942,
		1.35226
	],
	[
		103.73917,
		1.35275
	],
	[
		103.74032,
		1.35326
	],
	[
		103.74033,
		1.35327
	],
	[
		103.74072,
		1.35344
	],
	[
		103.74084,
		1.35353
	],
	[
		103.74092,
		1.35359
	],
	[
		103.74172,
		1.35452
	],
	[
		103.74109,
		1.35509
	],
	[
		103.74106,
		1.35512
	],
	[
		103.74083,
		1.35532
	],
	[
		103.74006,
		1.35603
	],
	[
		103.74049,
		1.35657
	],
	[
		103.74092,
		1.35711
	],
	[
		103.74169,
		1.35808
	],
	[
		103.74217,
		1.35869
	],
	[
		103.74137,
		1.35934
	],
	[
		103.74109,
		1.35956
	],
	[
		103.74019,
		1.36029
	],
	[
		103.73982,
		1.35984
	],
	[
		103.73935,
		1.35934
	],
	[
		103.73933,
		1.35932
	],
	[
		103.73928,
		1.35927
	],
	[
		103.73891,
		1.35886
	],
	[
		103.73858,
		1.35851
	],
	[
		103.73802,
		1.3579
	],
	[
		103.7388,
		1.35718
	],
	[
		103.74006,
		1.35603
	],
	[
		103.74083,
		1.35532
	],
	[
		103.74109,
		1.35509
	],
	[
		103.74172,
		1.35452
	],
	[
		103.74092,
		1.35359
	],
	[
		103.74084,
		1.35353
	],
	[
		103.74072,
		1.35344
	],
	[
		103.74033,
		1.35327
	],
	[
		103.74032,
		1.35326
	],
	[
		103.73917,
		1.35275
	],
	[
		103.73942,
		1.35226
	],
	[
		103.73954,
		1.35188
	],
	[
		103.73957,
		1.35176
	],
	[
		103.73959,
		1.35166
	],
	[
		103.73957,
		1.35097
	],
	[
		103.73957,
		1.35076
	],
	[
		103.73956,
		1.34979
	],
	[
		103.7387,
		1.34977
	],
	[
		103.73853,
		1.3497
	],
	[
		103.73842,
		1.34961
	],
	[
		103.73838,
		1.34956
	],
	[
		103.73828,
		1.34925
	],
	[
		103.73833,
		1.34878
	],
	[
		103.73832,
		1.3484
	],
	[
		103.73825,
		1.34797
	],
	[
		103.73817,
		1.34775
	],
	[
		103.73805,
		1.34742
	],
	[
		103.73792,
		1.34718
	],
	[
		103.73778,
		1.34691
	],
	[
		103.7373,
		1.34596
	],
	[
		103.73681,
		1.34504
	],
	[
		103.73653,
		1.34445
	],
	[
		103.73651,
		1.3444
	],
	[
		103.7365,
		1.34437
	],
	[
		103.73633,
		1.34393
	],
	[
		103.73618,
		1.3435
	],
	[
		103.73611,
		1.34328
	],
	[
		103.73603,
		1.34309
	],
	[
		103.73586,
		1.34263
	],
	[
		103.73579,
		1.34248
	],
	[
		103.73564,
		1.34215
	],
	[
		103.73553,
		1.34196
	],
	[
		103.73536,
		1.3417
	],
	[
		103.73526,
		1.3413
	],
	[
		103.73526,
		1.34121
	],
	[
		103.7353,
		1.34101
	],
	[
		103.7355,
		1.34061
	],
	[
		103.73625,
		1.34003
	],
	[
		103.73675,
		1.33964
	],
	[
		103.73692,
		1.33951
	],
	[
		103.73849,
		1.33826
	],
	[
		103.73884,
		1.33798
	],
	[
		103.73913,
		1.33778
	],
	[
		103.73921,
		1.33772
	],
	[
		103.73956,
		1.33756
	],
	[
		103.7401,
		1.33734
	],
	[
		103.74031,
		1.33726
	],
	[
		103.74017,
		1.33712
	],
	[
		103.73982,
		1.33677
	],
	[
		103.73935,
		1.33627
	],
	[
		103.73932,
		1.33624
	],
	[
		103.73913,
		1.33604
	],
	[
		103.73903,
		1.33593
	],
	[
		103.73901,
		1.33589
	],
	[
		103.73898,
		1.33574
	],
	[
		103.73901,
		1.33564
	],
	[
		103.73908,
		1.33553
	],
	[
		103.73926,
		1.33541
	],
	[
		103.73943,
		1.33544
	],
	[
		103.73971,
		1.33548
	],
	[
		103.73997,
		1.33544
	],
	[
		103.74017,
		1.33533
	],
	[
		103.74032,
		1.3352
	],
	[
		103.74045,
		1.33503
	],
	[
		103.74052,
		1.33485
	],
	[
		103.74053,
		1.33478
	],
	[
		103.74056,
		1.33464
	],
	[
		103.74062,
		1.3343
	],
	[
		103.74064,
		1.33418
	],
	[
		103.74068,
		1.33394
	],
	[
		103.74073,
		1.33339
	],
	[
		103.74081,
		1.33317
	],
	[
		103.74105,
		1.33272
	],
	[
		103.74093,
		1.33264
	],
	[
		103.7408,
		1.33246
	]
]