[
	[
		103.75051,
		1.35054
	],
	[
		103.75079,
		1.35095
	],
	[
		103.75053,
		1.35117
	],
	[
		103.75048,
		1.35123
	],
	[
		103.75011,
		1.35166
	],
	[
		103.7501,
		1.35168
	],
	[
		103.75004,
		1.35174
	],
	[
		103.74964,
		1.35205
	],
	[
		103.74944,
		1.35216
	],
	[
		103.74912,
		1.35227
	],
	[
		103.74898,
		1.3523
	],
	[
		103.74869,
		1.35232
	],
	[
		103.7484,
		1.35234
	],
	[
		103.74836,
		1.35164
	],
	[
		103.74821,
		1.35121
	],
	[
		103.74801,
		1.3507
	],
	[
		103.74796,
		1.35057
	],
	[
		103.74795,
		1.35053
	],
	[
		103.74789,
		1.35027
	],
	[
		103.74787,
		1.34999
	],
	[
		103.74793,
		1.34955
	],
	[
		103.74806,
		1.34923
	],
	[
		103.74809,
		1.34916
	],
	[
		103.74822,
		1.34896
	],
	[
		103.74847,
		1.34869
	],
	[
		103.74882,
		1.34842
	],
	[
		103.74873,
		1.34829
	],
	[
		103.74822,
		1.3476
	],
	[
		103.74775,
		1.34695
	],
	[
		103.74733,
		1.34637
	],
	[
		103.74721,
		1.34607
	],
	[
		103.7472,
		1.34599
	],
	[
		103.74723,
		1.34584
	],
	[
		103.74734,
		1.34562
	],
	[
		103.74777,
		1.34532
	],
	[
		103.7481,
		1.34517
	],
	[
		103.74834,
		1.34514
	],
	[
		103.74841,
		1.34513
	],
	[
		103.7485,
		1.34513
	],
	[
		103.74925,
		1.34513
	],
	[
		103.74938,
		1.34513
	],
	[
		103.74952,
		1.34513
	],
	[
		103.75127,
		1.34512
	],
	[
		103.75127,
		1.34652
	],
	[
		103.75164,
		1.34655
	],
	[
		103.75185,
		1.34656
	],
	[
		103.75195,
		1.34657
	],
	[
		103.75229,
		1.34657
	],
	[
		103.75296,
		1.34657
	],
	[
		103.75297,
		1.34657
	],
	[
		103.75325,
		1.34654
	],
	[
		103.7537,
		1.34647
	],
	[
		103.75397,
		1.34643
	],
	[
		103.75423,
		1.34639
	],
	[
		103.75428,
		1.34639
	],
	[
		103.75455,
		1.3464
	],
	[
		103.75461,
		1.3464
	],
	[
		103.75472,
		1.34642
	],
	[
		103.75511,
		1.34653
	],
	[
		103.75525,
		1.3466
	],
	[
		103.75542,
		1.3467
	],
	[
		103.75572,
		1.34694
	],
	[
		103.75626,
		1.3475
	],
	[
		103.7572,
		1.34852
	],
	[
		103.75757,
		1.34892
	],
	[
		103.75779,
		1.34915
	],
	[
		103.75792,
		1.34926
	],
	[
		103.75792,
		1.34926
	],
	[
		103.75814,
		1.34937
	],
	[
		103.75836,
		1.34942
	],
	[
		103.75872,
		1.34947
	],
	[
		103.75952,
		1.34957
	],
	[
		103.76046,
		1.3497
	],
	[
		103.76059,
		1.34979
	],
	[
		103.76066,
		1.3499
	],
	[
		103.76071,
		1.35003
	],
	[
		103.76063,
		1.35027
	],
	[
		103.76056,
		1.35047
	],
	[
		103.76014,
		1.35131
	],
	[
		103.76003,
		1.35162
	],
	[
		103.76001,
		1.35171
	],
	[
		103.75998,
		1.35179
	],
	[
		103.75996,
		1.35193
	],
	[
		103.75994,
		1.35205
	],
	[
		103.75988,
		1.35269
	],
	[
		103.75988,
		1.35282
	],
	[
		103.75988,
		1.3529
	],
	[
		103.75989,
		1.353
	],
	[
		103.75989,
		1.35309
	],
	[
		103.75989,
		1.35311
	],
	[
		103.75993,
		1.35332
	],
	[
		103.76001,
		1.35355
	],
	[
		103.76003,
		1.35361
	],
	[
		103.76006,
		1.35366
	],
	[
		103.76008,
		1.35372
	],
	[
		103.76013,
		1.35381
	],
	[
		103.76017,
		1.35387
	],
	[
		103.76017,
		1.35387
	],
	[
		103.76024,
		1.354
	],
	[
		103.76037,
		1.35416
	],
	[
		103.76059,
		1.35438
	],
	[
		103.7607,
		1.35445
	],
	[
		103.76104,
		1.35469
	],
	[
		103.76114,
		1.35477
	],
	[
		103.76116,
		1.35478
	],
	[
		103.76122,
		1.35482
	],
	[
		103.76148,
		1.35506
	],
	[
		103.76168,
		1.3553
	],
	[
		103.76186,
		1.35558
	],
	[
		103.76193,
		1.35571
	],
	[
		103.76197,
		1.3558
	],
	[
		103.76203,
		1.35593
	],
	[
		103.76219,
		1.3565
	],
	[
		103.76222,
		1.35661
	],
	[
		103.76224,
		1.35668
	],
	[
		103.76232,
		1.35696
	],
	[
		103.76234,
		1.35703
	],
	[
		103.76143,
		1.35732
	],
	[
		103.7613,
		1.35736
	],
	[
		103.76119,
		1.35748
	],
	[
		103.76128,
		1.35755
	],
	[
		103.76144,
		1.35794
	],
	[
		103.76151,
		1.35809
	],
	[
		103.76171,
		1.35844
	],
	[
		103.76188,
		1.35866
	],
	[
		103.76194,
		1.35875
	],
	[
		103.76211,
		1.35897
	],
	[
		103.76228,
		1.35921
	],
	[
		103.76267,
		1.35975
	],
	[
		103.76302,
		1.36029
	],
	[
		103.76322,
		1.36053
	],
	[
		103.7634,
		1.36041
	],
	[
		103.76363,
		1.36021
	],
	[
		103.76404,
		1.36
	],
	[
		103.76405,
		1.36005
	],
	[
		103.76431,
		1.36092
	],
	[
		103.76433,
		1.36098
	],
	[
		103.76435,
		1.36105
	],
	[
		103.76443,
		1.36134
	],
	[
		103.76445,
		1.36143
	],
	[
		103.76446,
		1.36144
	],
	[
		103.76463,
		1.36204
	],
	[
		103.76464,
		1.3621
	],
	[
		103.76463,
		1.36215
	],
	[
		103.76463,
		1.3622
	],
	[
		103.76461,
		1.36227
	],
	[
		103.7646,
		1.36231
	],
	[
		103.7646,
		1.36235
	],
	[
		103.76461,
		1.36239
	],
	[
		103.76463,
		1.36242
	],
	[
		103.76467,
		1.36245
	],
	[
		103.76472,
		1.36246
	],
	[
		103.76475,
		1.36246
	],
	[
		103.76479,
		1.36245
	],
	[
		103.76481,
		1.36243
	],
	[
		103.76483,
		1.36241
	],
	[
		103.76485,
		1.36237
	],
	[
		103.76485,
		1.36234
	],
	[
		103.76485,
		1.36231
	],
	[
		103.76484,
		1.36228
	],
	[
		103.76483,
		1.36225
	],
	[
		103.76481,
		1.36223
	],
	[
		103.76478,
		1.3622
	],
	[
		103.76473,
		1.36216
	],
	[
		103.76468,
		1.3621
	],
	[
		103.76465,
		1.36207
	],
	[
		103.76463,
		1.36204
	],
	[
		103.76435,
		1.36105
	],
	[
		103.76433,
		1.36098
	],
	[
		103.76405,
		1.36005
	],
	[
		103.76404,
		1.36
	],
	[
		103.76383,
		1.35936
	],
	[
		103.76362,
		1.35899
	],
	[
		103.76421,
		1.35864
	],
	[
		103.76462,
		1.35842
	],
	[
		103.76491,
		1.35832
	],
	[
		103.76515,
		1.35824
	],
	[
		103.76563,
		1.35808
	],
	[
		103.76582,
		1.35802
	],
	[
		103.76688,
		1.35767
	],
	[
		103.76698,
		1.3576
	],
	[
		103.76714,
		1.35742
	],
	[
		103.7673,
		1.35707
	],
	[
		103.76743,
		1.3569
	],
	[
		103.76754,
		1.35673
	],
	[
		103.76765,
		1.35658
	],
	[
		103.76771,
		1.35649
	],
	[
		103.7681,
		1.35592
	],
	[
		103.76827,
		1.35563
	],
	[
		103.7683,
		1.35556
	],
	[
		103.76833,
		1.35547
	],
	[
		103.76841,
		1.35527
	],
	[
		103.7685,
		1.35471
	],
	[
		103.76855,
		1.35462
	],
	[
		103.76879,
		1.35462
	],
	[
		103.76914,
		1.35462
	],
	[
		103.76927,
		1.35426
	],
	[
		103.76929,
		1.35419
	],
	[
		103.76936,
		1.354
	],
	[
		103.76974,
		1.35285
	],
	[
		103.76974,
		1.35283
	],
	[
		103.76984,
		1.35241
	],
	[
		103.76989,
		1.35223
	],
	[
		103.7699,
		1.35217
	],
	[
		103.76991,
		1.35208
	],
	[
		103.77,
		1.35141
	],
	[
		103.77001,
		1.35135
	],
	[
		103.77004,
		1.35115
	],
	[
		103.77005,
		1.35104
	],
	[
		103.77016,
		1.35024
	],
	[
		103.77018,
		1.34948
	],
	[
		103.77026,
		1.34913
	],
	[
		103.77029,
		1.349
	],
	[
		103.77031,
		1.34889
	],
	[
		103.77049,
		1.34863
	],
	[
		103.77054,
		1.34856
	],
	[
		103.7706,
		1.34846
	],
	[
		103.77084,
		1.34814
	],
	[
		103.77085,
		1.34813
	],
	[
		103.77104,
		1.34786
	],
	[
		103.77129,
		1.34749
	],
	[
		103.77137,
		1.34737
	],
	[
		103.77192,
		1.34654
	],
	[
		103.77206,
		1.34633
	],
	[
		103.77207,
		1.34633
	],
	[
		103.7727,
		1.34597
	],
	[
		103.77294,
		1.34583
	],
	[
		103.77321,
		1.34567
	],
	[
		103.77386,
		1.34529
	],
	[
		103.77468,
		1.34484
	],
	[
		103.77525,
		1.34453
	],
	[
		103.77531,
		1.34378
	],
	[
		103.77544,
		1.34311
	],
	[
		103.7755,
		1.34281
	],
	[
		103.77568,
		1.3419
	],
	[
		103.77574,
		1.34159
	],
	[
		103.77578,
		1.34136
	],
	[
		103.77581,
		1.34124
	],
	[
		103.77586,
		1.34116
	],
	[
		103.77602,
		1.34103
	],
	[
		103.77607,
		1.34093
	],
	[
		103.77621,
		1.34028
	],
	[
		103.77605,
		1.34027
	],
	[
		103.77576,
		1.34024
	],
	[
		103.77532,
		1.34025
	],
	[
		103.77531,
		1.34025
	],
	[
		103.77457,
		1.34027
	],
	[
		103.77435,
		1.34027
	],
	[
		103.77428,
		1.34028
	],
	[
		103.77419,
		1.34028
	],
	[
		103.77394,
		1.34029
	],
	[
		103.7738,
		1.34029
	],
	[
		103.77366,
		1.3403
	],
	[
		103.77355,
		1.3403
	],
	[
		103.77285,
		1.34038
	],
	[
		103.77271,
		1.34041
	],
	[
		103.77241,
		1.34059
	],
	[
		103.77234,
		1.34063
	],
	[
		103.77228,
		1.34068
	],
	[
		103.77216,
		1.34078
	],
	[
		103.77193,
		1.34102
	],
	[
		103.77187,
		1.34108
	],
	[
		103.77144,
		1.34081
	],
	[
		103.77074,
		1.34056
	],
	[
		103.77064,
		1.34051
	],
	[
		103.77055,
		1.34046
	],
	[
		103.77035,
		1.34039
	],
	[
		103.77015,
		1.34035
	],
	[
		103.76984,
		1.3403
	],
	[
		103.76961,
		1.34021
	],
	[
		103.76911,
		1.33999
	],
	[
		103.76864,
		1.33968
	],
	[
		103.76859,
		1.33948
	],
	[
		103.76872,
		1.33876
	],
	[
		103.76882,
		1.33821
	],
	[
		103.76885,
		1.33805
	],
	[
		103.76894,
		1.3375
	],
	[
		103.76871,
		1.33745
	],
	[
		103.76785,
		1.33726
	],
	[
		103.76751,
		1.33717
	],
	[
		103.76728,
		1.33712
	],
	[
		103.7671,
		1.33707
	],
	[
		103.76695,
		1.33703
	],
	[
		103.76658,
		1.33694
	],
	[
		103.76633,
		1.33687
	],
	[
		103.76598,
		1.33681
	],
	[
		103.76529,
		1.33669
	],
	[
		103.76464,
		1.33657
	],
	[
		103.76459,
		1.3366
	],
	[
		103.76454,
		1.33664
	],
	[
		103.76444,
		1.3372
	],
	[
		103.76442,
		1.33736
	],
	[
		103.76436,
		1.33771
	],
	[
		103.76434,
		1.33778
	],
	[
		103.76425,
		1.33833
	],
	[
		103.7642,
		1.33857
	],
	[
		103.7642,
		1.33938
	],
	[
		103.76386,
		1.33928
	],
	[
		103.76372,
		1.33924
	],
	[
		103.76362,
		1.33923
	],
	[
		103.7635,
		1.33921
	],
	[
		103.76298,
		1.33919
	],
	[
		103.76274,
		1.33911
	],
	[
		103.76255,
		1.33898
	],
	[
		103.76244,
		1.33885
	],
	[
		103.76223,
		1.33836
	],
	[
		103.76214,
		1.33818
	],
	[
		103.76208,
		1.3381
	],
	[
		103.76192,
		1.33798
	],
	[
		103.76075,
		1.3376
	],
	[
		103.76043,
		1.33761
	],
	[
		103.7604,
		1.3375
	],
	[
		103.76031,
		1.33703
	],
	[
		103.76015,
		1.33653
	],
	[
		103.7598,
		1.33558
	],
	[
		103.7597,
		1.3353
	],
	[
		103.75929,
		1.3342
	],
	[
		103.75922,
		1.33388
	],
	[
		103.7592,
		1.33354
	],
	[
		103.75918,
		1.33312
	],
	[
		103.75918,
		1.33311
	],
	[
		103.75927,
		1.33268
	],
	[
		103.7593,
		1.33239
	],
	[
		103.75931,
		1.33196
	],
	[
		103.75929,
		1.33175
	],
	[
		103.7592,
		1.3314
	],
	[
		103.75901,
		1.33099
	],
	[
		103.75887,
		1.33076
	],
	[
		103.75883,
		1.33069
	],
	[
		103.75876,
		1.3306
	],
	[
		103.75825,
		1.32981
	],
	[
		103.75817,
		1.32969
	],
	[
		103.75781,
		1.32914
	],
	[
		103.75757,
		1.32874
	],
	[
		103.75748,
		1.32852
	],
	[
		103.75745,
		1.32844
	],
	[
		103.75743,
		1.32837
	],
	[
		103.75735,
		1.32816
	],
	[
		103.7573,
		1.32799
	],
	[
		103.75723,
		1.32775
	],
	[
		103.75717,
		1.32716
	],
	[
		103.75714,
		1.32687
	],
	[
		103.75725,
		1.32632
	],
	[
		103.75733,
		1.32611
	],
	[
		103.75747,
		1.32592
	],
	[
		103.75797,
		1.32546
	],
	[
		103.75806,
		1.32534
	],
	[
		103.7585,
		1.32504
	],
	[
		103.75882,
		1.32478
	],
	[
		103.75926,
		1.32438
	],
	[
		103.75943,
		1.32423
	],
	[
		103.75969,
		1.32395
	],
	[
		103.75998,
		1.3236
	],
	[
		103.76101,
		1.32212
	],
	[
		103.76138,
		1.32162
	],
	[
		103.7614,
		1.32159
	],
	[
		103.76155,
		1.32134
	],
	[
		103.76192,
		1.32076
	],
	[
		103.76193,
		1.32074
	],
	[
		103.76238,
		1.32005
	],
	[
		103.76259,
		1.31972
	],
	[
		103.76296,
		1.31918
	],
	[
		103.763,
		1.31911
	],
	[
		103.76308,
		1.319
	],
	[
		103.76316,
		1.31886
	],
	[
		103.76321,
		1.31879
	],
	[
		103.76354,
		1.31831
	],
	[
		103.76361,
		1.31821
	],
	[
		103.76389,
		1.31778
	],
	[
		103.76402,
		1.31758
	],
	[
		103.76425,
		1.31723
	],
	[
		103.76442,
		1.31692
	],
	[
		103.76453,
		1.31671
	],
	[
		103.76479,
		1.31606
	],
	[
		103.76425,
		1.31565
	],
	[
		103.76439,
		1.31543
	],
	[
		103.76452,
		1.31525
	],
	[
		103.76448,
		1.31512
	],
	[
		103.76412,
		1.31492
	],
	[
		103.76407,
		1.31484
	],
	[
		103.7639,
		1.31458
	],
	[
		103.76385,
		1.31435
	],
	[
		103.7638,
		1.31431
	],
	[
		103.76373,
		1.31429
	],
	[
		103.76345,
		1.31433
	],
	[
		103.76345,
		1.31442
	],
	[
		103.76347,
		1.31466
	],
	[
		103.76354,
		1.31491
	],
	[
		103.76356,
		1.31493
	],
	[
		103.76357,
		1.31496
	],
	[
		103.76365,
		1.3151
	],
	[
		103.7638,
		1.31529
	],
	[
		103.76397,
		1.31544
	],
	[
		103.76405,
		1.3155
	],
	[
		103.76421,
		1.31563
	],
	[
		103.76424,
		1.31565
	],
	[
		103.76425,
		1.31565
	],
	[
		103.76479,
		1.31606
	],
	[
		103.76475,
		1.31614
	],
	[
		103.76459,
		1.31655
	],
	[
		103.76453,
		1.31671
	],
	[
		103.76442,
		1.31692
	],
	[
		103.76425,
		1.31723
	],
	[
		103.76402,
		1.31758
	],
	[
		103.76389,
		1.31778
	],
	[
		103.76361,
		1.31821
	],
	[
		103.76354,
		1.31831
	],
	[
		103.76321,
		1.31879
	],
	[
		103.76316,
		1.31886
	],
	[
		103.76308,
		1.319
	],
	[
		103.763,
		1.31911
	],
	[
		103.76296,
		1.31918
	],
	[
		103.76259,
		1.31972
	],
	[
		103.76238,
		1.32005
	],
	[
		103.76238,
		1.32005
	],
	[
		103.76193,
		1.32074
	],
	[
		103.76192,
		1.32076
	],
	[
		103.76155,
		1.32134
	],
	[
		103.7614,
		1.32159
	],
	[
		103.76138,
		1.32162
	],
	[
		103.76101,
		1.32212
	],
	[
		103.75998,
		1.3236
	],
	[
		103.75969,
		1.32395
	],
	[
		103.75943,
		1.32423
	],
	[
		103.75926,
		1.32438
	],
	[
		103.75882,
		1.32478
	],
	[
		103.7585,
		1.32504
	],
	[
		103.75806,
		1.32534
	],
	[
		103.75756,
		1.32565
	],
	[
		103.75713,
		1.32586
	],
	[
		103.75704,
		1.3259
	],
	[
		103.75714,
		1.32687
	],
	[
		103.75717,
		1.32716
	],
	[
		103.75723,
		1.32775
	],
	[
		103.7573,
		1.32799
	],
	[
		103.75735,
		1.32816
	],
	[
		103.75743,
		1.32837
	],
	[
		103.75745,
		1.32844
	],
	[
		103.75748,
		1.32852
	],
	[
		103.75757,
		1.32874
	],
	[
		103.75781,
		1.32914
	],
	[
		103.75817,
		1.32969
	],
	[
		103.75825,
		1.32981
	],
	[
		103.75876,
		1.3306
	],
	[
		103.75883,
		1.33069
	],
	[
		103.75887,
		1.33076
	],
	[
		103.75901,
		1.33099
	],
	[
		103.7592,
		1.3314
	],
	[
		103.75929,
		1.33175
	],
	[
		103.75931,
		1.33196
	],
	[
		103.7593,
		1.33239
	],
	[
		103.75927,
		1.33268
	],
	[
		103.75918,
		1.33311
	],
	[
		103.75918,
		1.33312
	],
	[
		103.7592,
		1.33354
	],
	[
		103.75922,
		1.33388
	],
	[
		103.75929,
		1.3342
	],
	[
		103.7597,
		1.3353
	],
	[
		103.7598,
		1.33558
	],
	[
		103.76015,
		1.33653
	],
	[
		103.76031,
		1.33703
	],
	[
		103.7604,
		1.3375
	],
	[
		103.76043,
		1.33761
	],
	[
		103.76075,
		1.3376
	],
	[
		103.76192,
		1.33798
	],
	[
		103.76208,
		1.3381
	],
	[
		103.76214,
		1.33818
	],
	[
		103.76223,
		1.33836
	],
	[
		103.76244,
		1.33885
	],
	[
		103.76255,
		1.33898
	],
	[
		103.76274,
		1.33911
	],
	[
		103.76298,
		1.33919
	],
	[
		103.7635,
		1.33921
	],
	[
		103.76362,
		1.33923
	],
	[
		103.76372,
		1.33924
	],
	[
		103.76386,
		1.33928
	],
	[
		103.7642,
		1.33938
	],
	[
		103.7642,
		1.33857
	],
	[
		103.76425,
		1.33833
	],
	[
		103.76434,
		1.33778
	],
	[
		103.76436,
		1.33771
	],
	[
		103.76442,
		1.33736
	],
	[
		103.76444,
		1.3372
	],
	[
		103.76454,
		1.33664
	],
	[
		103.76459,
		1.3366
	],
	[
		103.76464,
		1.33657
	],
	[
		103.76529,
		1.33669
	],
	[
		103.76598,
		1.33681
	],
	[
		103.76633,
		1.33687
	],
	[
		103.76658,
		1.33694
	],
	[
		103.76695,
		1.33703
	],
	[
		103.7671,
		1.33707
	],
	[
		103.76728,
		1.33712
	],
	[
		103.76751,
		1.33717
	],
	[
		103.76785,
		1.33726
	],
	[
		103.76871,
		1.33745
	],
	[
		103.76894,
		1.3375
	],
	[
		103.76885,
		1.33805
	],
	[
		103.76882,
		1.33821
	],
	[
		103.76872,
		1.33876
	],
	[
		103.76859,
		1.33948
	],
	[
		103.76864,
		1.33968
	],
	[
		103.76911,
		1.33999
	],
	[
		103.76961,
		1.34021
	],
	[
		103.76984,
		1.3403
	],
	[
		103.77015,
		1.34035
	],
	[
		103.77035,
		1.34039
	],
	[
		103.77055,
		1.34046
	],
	[
		103.77064,
		1.34051
	],
	[
		103.77074,
		1.34056
	],
	[
		103.77144,
		1.34081
	],
	[
		103.77187,
		1.34108
	],
	[
		103.77193,
		1.34102
	],
	[
		103.77216,
		1.34078
	],
	[
		103.77228,
		1.34068
	],
	[
		103.77234,
		1.34063
	],
	[
		103.77241,
		1.34059
	],
	[
		103.77271,
		1.34041
	],
	[
		103.77285,
		1.34038
	],
	[
		103.77355,
		1.3403
	],
	[
		103.77366,
		1.3403
	],
	[
		103.77366,
		1.3403
	],
	[
		103.7738,
		1.34029
	],
	[
		103.77394,
		1.34029
	],
	[
		103.77419,
		1.34028
	],
	[
		103.77428,
		1.34028
	],
	[
		103.77435,
		1.34027
	],
	[
		103.77457,
		1.34027
	],
	[
		103.77531,
		1.34025
	],
	[
		103.77532,
		1.34025
	],
	[
		103.77576,
		1.34024
	],
	[
		103.77595,
		1.34024
	],
	[
		103.77621,
		1.34028
	],
	[
		103.77607,
		1.34093
	],
	[
		103.77602,
		1.34103
	],
	[
		103.77586,
		1.34116
	],
	[
		103.77581,
		1.34124
	],
	[
		103.77578,
		1.34136
	],
	[
		103.77574,
		1.34159
	],
	[
		103.77568,
		1.3419
	],
	[
		103.77551,
		1.34279
	],
	[
		103.7755,
		1.34281
	],
	[
		103.77544,
		1.34311
	],
	[
		103.77531,
		1.34378
	],
	[
		103.77524,
		1.34399
	],
	[
		103.77516,
		1.34429
	],
	[
		103.77503,
		1.34445
	],
	[
		103.77468,
		1.34484
	],
	[
		103.77386,
		1.34529
	],
	[
		103.77321,
		1.34567
	],
	[
		103.77294,
		1.34583
	],
	[
		103.7727,
		1.34597
	],
	[
		103.77207,
		1.34633
	],
	[
		103.77206,
		1.34633
	],
	[
		103.77192,
		1.34654
	],
	[
		103.77137,
		1.34737
	],
	[
		103.77129,
		1.34749
	],
	[
		103.77104,
		1.34786
	],
	[
		103.77084,
		1.34814
	],
	[
		103.7706,
		1.34846
	],
	[
		103.77054,
		1.34856
	],
	[
		103.77049,
		1.34863
	],
	[
		103.77031,
		1.34889
	],
	[
		103.77029,
		1.349
	],
	[
		103.77026,
		1.34913
	],
	[
		103.77018,
		1.34948
	],
	[
		103.77016,
		1.35024
	],
	[
		103.77005,
		1.35104
	],
	[
		103.77004,
		1.35115
	],
	[
		103.77001,
		1.35135
	],
	[
		103.77,
		1.35141
	],
	[
		103.76991,
		1.35208
	],
	[
		103.7699,
		1.35217
	],
	[
		103.76989,
		1.35223
	],
	[
		103.76984,
		1.35241
	],
	[
		103.76974,
		1.35283
	],
	[
		103.76974,
		1.35285
	],
	[
		103.76936,
		1.354
	],
	[
		103.76929,
		1.35419
	],
	[
		103.76855,
		1.35462
	],
	[
		103.7685,
		1.35471
	],
	[
		103.76841,
		1.35527
	],
	[
		103.76833,
		1.35547
	],
	[
		103.7683,
		1.35556
	],
	[
		103.76827,
		1.35563
	],
	[
		103.7681,
		1.35592
	],
	[
		103.76771,
		1.35649
	],
	[
		103.76765,
		1.35658
	],
	[
		103.76754,
		1.35673
	],
	[
		103.76743,
		1.3569
	],
	[
		103.7673,
		1.35707
	],
	[
		103.76714,
		1.35742
	],
	[
		103.76698,
		1.3576
	],
	[
		103.76688,
		1.35767
	],
	[
		103.76582,
		1.35802
	],
	[
		103.76563,
		1.35808
	],
	[
		103.76515,
		1.35824
	],
	[
		103.76491,
		1.35832
	],
	[
		103.76462,
		1.35842
	],
	[
		103.76432,
		1.35857
	],
	[
		103.76421,
		1.35864
	],
	[
		103.76362,
		1.35899
	],
	[
		103.76368,
		1.3591
	],
	[
		103.76383,
		1.35936
	],
	[
		103.76402,
		1.35996
	],
	[
		103.76404,
		1.36
	],
	[
		103.76405,
		1.36005
	],
	[
		103.76431,
		1.36092
	],
	[
		103.76433,
		1.36098
	],
	[
		103.76435,
		1.36105
	],
	[
		103.76443,
		1.36134
	],
	[
		103.76463,
		1.36204
	],
	[
		103.76464,
		1.3621
	],
	[
		103.76463,
		1.36215
	],
	[
		103.76463,
		1.3622
	],
	[
		103.76461,
		1.36227
	],
	[
		103.7646,
		1.36231
	],
	[
		103.7646,
		1.36235
	],
	[
		103.76461,
		1.36239
	],
	[
		103.76463,
		1.36242
	],
	[
		103.76467,
		1.36245
	],
	[
		103.76472,
		1.36246
	],
	[
		103.76475,
		1.36246
	],
	[
		103.76479,
		1.36245
	],
	[
		103.76481,
		1.36243
	],
	[
		103.76483,
		1.36241
	],
	[
		103.76485,
		1.36237
	],
	[
		103.76485,
		1.36234
	],
	[
		103.76485,
		1.36231
	],
	[
		103.76484,
		1.36228
	],
	[
		103.76483,
		1.36225
	],
	[
		103.76481,
		1.36223
	],
	[
		103.76478,
		1.3622
	],
	[
		103.76473,
		1.36216
	],
	[
		103.76468,
		1.3621
	],
	[
		103.76465,
		1.36207
	],
	[
		103.76463,
		1.36204
	],
	[
		103.76433,
		1.36098
	],
	[
		103.76405,
		1.36005
	],
	[
		103.76404,
		1.36
	],
	[
		103.76363,
		1.36021
	],
	[
		103.7634,
		1.36041
	],
	[
		103.76322,
		1.36053
	],
	[
		103.76302,
		1.36029
	],
	[
		103.76267,
		1.35975
	],
	[
		103.76228,
		1.35921
	],
	[
		103.76194,
		1.35875
	],
	[
		103.76188,
		1.35866
	],
	[
		103.76171,
		1.35844
	],
	[
		103.76151,
		1.35809
	],
	[
		103.76144,
		1.35794
	],
	[
		103.76128,
		1.35755
	],
	[
		103.76119,
		1.35748
	],
	[
		103.7613,
		1.35736
	],
	[
		103.76143,
		1.35732
	],
	[
		103.76234,
		1.35703
	],
	[
		103.76232,
		1.35696
	],
	[
		103.76224,
		1.35668
	],
	[
		103.76222,
		1.35661
	],
	[
		103.76219,
		1.3565
	],
	[
		103.76203,
		1.35593
	],
	[
		103.76197,
		1.3558
	],
	[
		103.76193,
		1.35571
	],
	[
		103.76186,
		1.35558
	],
	[
		103.76168,
		1.3553
	],
	[
		103.76148,
		1.35506
	],
	[
		103.76122,
		1.35482
	],
	[
		103.76116,
		1.35478
	],
	[
		103.76114,
		1.35477
	],
	[
		103.76104,
		1.35469
	],
	[
		103.7607,
		1.35445
	],
	[
		103.76059,
		1.35438
	],
	[
		103.76037,
		1.35416
	],
	[
		103.76024,
		1.354
	],
	[
		103.76017,
		1.35387
	],
	[
		103.76013,
		1.35381
	],
	[
		103.76008,
		1.35372
	],
	[
		103.76006,
		1.35366
	],
	[
		103.76003,
		1.35361
	],
	[
		103.76001,
		1.35355
	],
	[
		103.75993,
		1.35332
	],
	[
		103.75989,
		1.35311
	],
	[
		103.75989,
		1.35309
	],
	[
		103.75989,
		1.353
	],
	[
		103.75988,
		1.3529
	],
	[
		103.75988,
		1.35282
	],
	[
		103.75988,
		1.35269
	],
	[
		103.75994,
		1.35205
	],
	[
		103.75996,
		1.35193
	],
	[
		103.75998,
		1.35179
	],
	[
		103.76001,
		1.35171
	],
	[
		103.76003,
		1.35162
	],
	[
		103.76014,
		1.35131
	],
	[
		103.76056,
		1.35047
	],
	[
		103.76063,
		1.35027
	],
	[
		103.76071,
		1.35003
	],
	[
		103.76073,
		1.34996
	],
	[
		103.76077,
		1.34982
	],
	[
		103.76079,
		1.34974
	],
	[
		103.76046,
		1.3497
	],
	[
		103.75952,
		1.34957
	],
	[
		103.75872,
		1.34947
	],
	[
		103.75836,
		1.34942
	],
	[
		103.75814,
		1.34937
	],
	[
		103.75792,
		1.34926
	],
	[
		103.75792,
		1.34926
	],
	[
		103.75779,
		1.34915
	],
	[
		103.75757,
		1.34892
	],
	[
		103.7572,
		1.34852
	],
	[
		103.75626,
		1.3475
	],
	[
		103.75572,
		1.34694
	],
	[
		103.75542,
		1.3467
	],
	[
		103.75525,
		1.3466
	],
	[
		103.75511,
		1.34653
	],
	[
		103.75472,
		1.34642
	],
	[
		103.75461,
		1.3464
	],
	[
		103.75428,
		1.34639
	],
	[
		103.75397,
		1.34643
	],
	[
		103.7537,
		1.34647
	],
	[
		103.75325,
		1.34654
	],
	[
		103.75297,
		1.34657
	],
	[
		103.75296,
		1.34657
	],
	[
		103.75229,
		1.34657
	],
	[
		103.75195,
		1.34657
	],
	[
		103.75185,
		1.34656
	],
	[
		103.75164,
		1.34655
	],
	[
		103.75127,
		1.34652
	],
	[
		103.75127,
		1.34512
	],
	[
		103.74952,
		1.34513
	],
	[
		103.74938,
		1.34513
	],
	[
		103.74925,
		1.34513
	],
	[
		103.7485,
		1.34513
	],
	[
		103.74841,
		1.34513
	],
	[
		103.74834,
		1.34514
	],
	[
		103.7481,
		1.34517
	],
	[
		103.74777,
		1.34532
	],
	[
		103.74734,
		1.34562
	],
	[
		103.74703,
		1.34586
	],
	[
		103.74697,
		1.34591
	],
	[
		103.74702,
		1.34597
	],
	[
		103.74733,
		1.34637
	],
	[
		103.74775,
		1.34695
	],
	[
		103.74822,
		1.3476
	],
	[
		103.74873,
		1.34829
	],
	[
		103.74882,
		1.34842
	],
	[
		103.74847,
		1.34869
	],
	[
		103.74822,
		1.34896
	],
	[
		103.74809,
		1.34916
	],
	[
		103.74806,
		1.34923
	],
	[
		103.74793,
		1.34955
	],
	[
		103.74787,
		1.34999
	],
	[
		103.74789,
		1.35027
	],
	[
		103.74795,
		1.35053
	],
	[
		103.74796,
		1.35057
	],
	[
		103.74801,
		1.3507
	],
	[
		103.74821,
		1.35121
	],
	[
		103.74836,
		1.35164
	],
	[
		103.7484,
		1.35234
	],
	[
		103.74869,
		1.35232
	],
	[
		103.74898,
		1.3523
	],
	[
		103.74912,
		1.35227
	],
	[
		103.74944,
		1.35216
	],
	[
		103.74964,
		1.35205
	],
	[
		103.75004,
		1.35174
	],
	[
		103.7501,
		1.35168
	],
	[
		103.75011,
		1.35166
	],
	[
		103.75048,
		1.35123
	],
	[
		103.75053,
		1.35117
	],
	[
		103.75079,
		1.35095
	],
	[
		103.75107,
		1.3507
	],
	[
		103.7514,
		1.35045
	],
	[
		103.7516,
		1.35031
	],
	[
		103.75141,
		1.35007
	],
	[
		103.75132,
		1.34994
	]
]