[
	[
		103.94294,
		1.35413
	],
	[
		103.94297,
		1.35454
	],
	[
		103.943,
		1.35468
	],
	[
		103.94319,
		1.35488
	],
	[
		103.94313,
		1.35503
	],
	[
		103.94289,
		1.35525
	],
	[
		103.94306,
		1.35542
	],
	[
		103.94324,
		1.3555
	],
	[
		103.94344,
		1.35552
	],
	[
		103.94408,
		1.35552
	],
	[
		103.94408,
		1.35673
	],
	[
		103.94422,
		1.35673
	],
	[
		103.94477,
		1.35673
	],
	[
		103.94536,
		1.35672
	],
	[
		103.94609,
		1.35672
	],
	[
		103.94612,
		1.35672
	],
	[
		103.94628,
		1.35673
	],
	[
		103.94643,
		1.35675
	],
	[
		103.94645,
		1.35675
	],
	[
		103.94767,
		1.35674
	],
	[
		103.94797,
		1.35674
	],
	[
		103.94974,
		1.35673
	],
	[
		103.95006,
		1.35671
	],
	[
		103.95025,
		1.35669
	],
	[
		103.95037,
		1.35667
	],
	[
		103.95091,
		1.3566
	],
	[
		103.95091,
		1.35659
	],
	[
		103.95116,
		1.35656
	],
	[
		103.95116,
		1.35656
	],
	[
		103.95175,
		1.35647
	],
	[
		103.95189,
		1.35645
	],
	[
		103.95201,
		1.35644
	],
	[
		103.95303,
		1.3563
	],
	[
		103.9535,
		1.35628
	],
	[
		103.9535,
		1.35628
	],
	[
		103.9539,
		1.35627
	],
	[
		103.9539,
		1.35627
	],
	[
		103.95419,
		1.35626
	],
	[
		103.95498,
		1.35625
	],
	[
		103.95528,
		1.35625
	],
	[
		103.95547,
		1.35625
	],
	[
		103.95561,
		1.35625
	],
	[
		103.95598,
		1.35624
	],
	[
		103.95668,
		1.35628
	],
	[
		103.95683,
		1.35631
	],
	[
		103.95698,
		1.35635
	],
	[
		103.95727,
		1.35647
	],
	[
		103.95743,
		1.35657
	],
	[
		103.95747,
		1.35661
	],
	[
		103.95766,
		1.35673
	],
	[
		103.95834,
		1.35738
	],
	[
		103.95849,
		1.35757
	],
	[
		103.95871,
		1.3578
	],
	[
		103.95925,
		1.35834
	],
	[
		103.95927,
		1.35836
	],
	[
		103.95938,
		1.35847
	],
	[
		103.96046,
		1.35956
	],
	[
		103.96094,
		1.36004
	],
	[
		103.96114,
		1.36025
	],
	[
		103.96135,
		1.36045
	],
	[
		103.96194,
		1.36103
	],
	[
		103.96226,
		1.36133
	],
	[
		103.96242,
		1.36148
	],
	[
		103.96264,
		1.36171
	],
	[
		103.96302,
		1.36211
	],
	[
		103.96327,
		1.36237
	],
	[
		103.96404,
		1.36316
	],
	[
		103.96427,
		1.36339
	],
	[
		103.96439,
		1.36349
	],
	[
		103.96454,
		1.36368
	],
	[
		103.96507,
		1.36419
	],
	[
		103.96536,
		1.36448
	],
	[
		103.9655,
		1.36461
	],
	[
		103.96623,
		1.36534
	],
	[
		103.96653,
		1.36562
	],
	[
		103.96663,
		1.36574
	],
	[
		103.96675,
		1.36585
	],
	[
		103.96688,
		1.36598
	],
	[
		103.96736,
		1.36646
	],
	[
		103.96807,
		1.36717
	],
	[
		103.96807,
		1.36717
	],
	[
		103.96836,
		1.36746
	],
	[
		103.96837,
		1.36747
	],
	[
		103.96982,
		1.36892
	],
	[
		103.97013,
		1.36924
	],
	[
		103.97054,
		1.36965
	],
	[
		103.97102,
		1.37013
	],
	[
		103.97114,
		1.37025
	],
	[
		103.97132,
		1.37043
	],
	[
		103.97196,
		1.37107
	],
	[
		103.97231,
		1.37143
	],
	[
		103.97249,
		1.3716
	],
	[
		103.97275,
		1.37187
	],
	[
		103.97295,
		1.37206
	],
	[
		103.9738,
		1.37291
	],
	[
		103.97423,
		1.37334
	],
	[
		103.97449,
		1.3736
	],
	[
		103.97476,
		1.37387
	],
	[
		103.97489,
		1.37401
	],
	[
		103.97505,
		1.37416
	],
	[
		103.97525,
		1.37435
	],
	[
		103.97596,
		1.37516
	],
	[
		103.97665,
		1.37584
	],
	[
		103.9772,
		1.37638
	],
	[
		103.97726,
		1.37644
	],
	[
		103.97783,
		1.377
	],
	[
		103.97813,
		1.3774
	],
	[
		103.97835,
		1.37786
	],
	[
		103.97848,
		1.37836
	],
	[
		103.97849,
		1.3786
	],
	[
		103.97851,
		1.37884
	],
	[
		103.97846,
		1.37966
	],
	[
		103.97827,
		1.38329
	],
	[
		103.97824,
		1.3837
	],
	[
		103.97822,
		1.38423
	],
	[
		103.97822,
		1.38452
	],
	[
		103.97826,
		1.38486
	],
	[
		103.97833,
		1.38517
	],
	[
		103.97845,
		1.38552
	],
	[
		103.97862,
		1.38587
	],
	[
		103.97881,
		1.38615
	],
	[
		103.97903,
		1.38641
	],
	[
		103.97923,
		1.3866
	],
	[
		103.97928,
		1.38665
	],
	[
		103.97948,
		1.3868
	],
	[
		103.97954,
		1.38684
	],
	[
		103.97986,
		1.38703
	],
	[
		103.97999,
		1.38711
	],
	[
		103.98009,
		1.38718
	],
	[
		103.98022,
		1.38722
	],
	[
		103.98071,
		1.38738
	],
	[
		103.98124,
		1.38758
	],
	[
		103.98182,
		1.38777
	],
	[
		103.98198,
		1.38782
	],
	[
		103.98215,
		1.38788
	],
	[
		103.98249,
		1.38794
	],
	[
		103.98253,
		1.38795
	],
	[
		103.98265,
		1.38795
	],
	[
		103.98277,
		1.38796
	],
	[
		103.98547,
		1.38772
	],
	[
		103.98558,
		1.38771
	],
	[
		103.98576,
		1.38769
	],
	[
		103.98681,
		1.38754
	],
	[
		103.98736,
		1.38751
	],
	[
		103.98793,
		1.38751
	],
	[
		103.98807,
		1.38754
	],
	[
		103.98837,
		1.38761
	],
	[
		103.98854,
		1.38769
	],
	[
		103.98873,
		1.38778
	],
	[
		103.98889,
		1.38786
	],
	[
		103.98913,
		1.38797
	],
	[
		103.9892,
		1.38804
	],
	[
		103.98949,
		1.38837
	],
	[
		103.98959,
		1.38851
	],
	[
		103.98977,
		1.38873
	],
	[
		103.98992,
		1.3891
	],
	[
		103.99009,
		1.38965
	],
	[
		103.99032,
		1.39085
	],
	[
		103.99033,
		1.39103
	],
	[
		103.99028,
		1.3911
	],
	[
		103.99027,
		1.39116
	],
	[
		103.99028,
		1.39121
	],
	[
		103.99047,
		1.39118
	],
	[
		103.99068,
		1.39113
	],
	[
		103.99084,
		1.39111
	],
	[
		103.99101,
		1.39107
	],
	[
		103.99113,
		1.39105
	],
	[
		103.99154,
		1.39089
	],
	[
		103.99171,
		1.39081
	],
	[
		103.99179,
		1.39068
	],
	[
		103.99206,
		1.39056
	],
	[
		103.99247,
		1.39035
	],
	[
		103.99257,
		1.3903
	],
	[
		103.9929,
		1.39015
	],
	[
		103.99295,
		1.39012
	],
	[
		103.99325,
		1.39003
	],
	[
		103.99369,
		1.38998
	],
	[
		103.99479,
		1.38987
	],
	[
		103.99511,
		1.38984
	],
	[
		103.99537,
		1.38981
	],
	[
		103.99594,
		1.38975
	],
	[
		103.99618,
		1.38973
	],
	[
		103.99703,
		1.38965
	],
	[
		103.9975,
		1.38954
	],
	[
		103.99758,
		1.3895
	],
	[
		103.99784,
		1.3894
	],
	[
		103.99818,
		1.38918
	],
	[
		103.99844,
		1.38896
	],
	[
		103.99859,
		1.38876
	],
	[
		103.99892,
		1.38824
	],
	[
		103.99918,
		1.38782
	],
	[
		103.99961,
		1.38715
	],
	[
		103.99988,
		1.38673
	],
	[
		103.99999,
		1.38654
	],
	[
		104.00007,
		1.38641
	],
	[
		104.00015,
		1.38631
	],
	[
		103.99988,
		1.38625
	],
	[
		103.99973,
		1.38617
	],
	[
		103.99968,
		1.3861
	],
	[
		103.99967,
		1.386
	],
	[
		103.99974,
		1.38579
	],
	[
		103.99981,
		1.38559
	],
	[
		103.99983,
		1.38549
	],
	[
		103.99982,
		1.38538
	],
	[
		103.99977,
		1.38528
	],
	[
		103.99977,
		1.38528
	],
	[
		103.99962,
		1.38498
	],
	[
		103.99948,
		1.38465
	],
	[
		103.99903,
		1.38355
	],
	[
		103.99866,
		1.3828
	],
	[
		103.99839,
		1.38226
	],
	[
		103.99819,
		1.38174
	],
	[
		103.99806,
		1.38144
	],
	[
		103.99797,
		1.38123
	],
	[
		103.9972,
		1.37943
	],
	[
		103.99654,
		1.37785
	],
	[
		103.99643,
		1.3776
	],
	[
		103.99615,
		1.37692
	],
	[
		103.99567,
		1.37561
	],
	[
		103.9957,
		1.37545
	],
	[
		103.99579,
		1.37534
	],
	[
		103.99598,
		1.37524
	],
	[
		103.99615,
		1.37517
	],
	[
		103.99627,
		1.37512
	],
	[
		103.99665,
		1.37496
	],
	[
		103.99673,
		1.37489
	],
	[
		103.99677,
		1.37477
	],
	[
		103.99671,
		1.37456
	],
	[
		103.99638,
		1.37376
	],
	[
		103.99628,
		1.37362
	],
	[
		103.99612,
		1.37352
	],
	[
		103.99599,
		1.3734
	],
	[
		103.99588,
		1.37324
	],
	[
		103.99563,
		1.37269
	],
	[
		103.99532,
		1.37199
	],
	[
		103.99461,
		1.37227
	],
	[
		103.99409,
		1.37248
	],
	[
		103.99408,
		1.37255
	],
	[
		103.99411,
		1.37264
	],
	[
		103.99451,
		1.37356
	],
	[
		103.99475,
		1.37412
	],
	[
		103.99541,
		1.37572
	],
	[
		103.99567,
		1.37632
	],
	[
		103.99572,
		1.37642
	],
	[
		103.99592,
		1.37659
	],
	[
		103.99615,
		1.37692
	],
	[
		103.99643,
		1.3776
	],
	[
		103.99654,
		1.37785
	],
	[
		103.9972,
		1.37943
	],
	[
		103.99797,
		1.38123
	],
	[
		103.99806,
		1.38144
	],
	[
		103.99819,
		1.38174
	],
	[
		103.99839,
		1.38226
	],
	[
		103.99866,
		1.3828
	],
	[
		103.99903,
		1.38355
	],
	[
		103.99948,
		1.38465
	],
	[
		103.99943,
		1.38481
	],
	[
		103.99943,
		1.38502
	],
	[
		103.9994,
		1.3851
	],
	[
		103.99935,
		1.38515
	],
	[
		103.99917,
		1.38522
	],
	[
		103.99908,
		1.38528
	],
	[
		103.99904,
		1.38534
	],
	[
		103.99904,
		1.38541
	],
	[
		103.99906,
		1.38548
	],
	[
		103.99908,
		1.38554
	],
	[
		103.99908,
		1.38554
	],
	[
		103.99926,
		1.386
	],
	[
		103.99931,
		1.38613
	],
	[
		103.99938,
		1.38621
	],
	[
		103.99975,
		1.38633
	],
	[
		103.99984,
		1.38644
	],
	[
		103.99987,
		1.38657
	],
	[
		103.99988,
		1.38673
	],
	[
		103.99961,
		1.38715
	],
	[
		103.99918,
		1.38782
	],
	[
		103.99892,
		1.38824
	],
	[
		103.99859,
		1.38876
	],
	[
		103.99844,
		1.38896
	],
	[
		103.99818,
		1.38918
	],
	[
		103.99784,
		1.3894
	],
	[
		103.99758,
		1.3895
	],
	[
		103.9975,
		1.38954
	],
	[
		103.99703,
		1.38965
	],
	[
		103.99618,
		1.38973
	],
	[
		103.99594,
		1.38975
	],
	[
		103.99537,
		1.38981
	],
	[
		103.99511,
		1.38984
	],
	[
		103.99479,
		1.38987
	],
	[
		103.99369,
		1.38998
	],
	[
		103.99325,
		1.39003
	],
	[
		103.99295,
		1.39012
	],
	[
		103.9929,
		1.39015
	],
	[
		103.99257,
		1.3903
	],
	[
		103.99247,
		1.39035
	],
	[
		103.99206,
		1.39056
	],
	[
		103.99179,
		1.39068
	],
	[
		103.99145,
		1.3907
	],
	[
		103.99114,
		1.39066
	],
	[
		103.99088,
		1.39058
	],
	[
		103.99062,
		1.39043
	],
	[
		103.99042,
		1.39024
	],
	[
		103.99025,
		1.39001
	],
	[
		103.99009,
		1.38965
	],
	[
		103.98992,
		1.3891
	],
	[
		103.98977,
		1.38873
	],
	[
		103.98959,
		1.38851
	],
	[
		103.98949,
		1.38837
	],
	[
		103.9892,
		1.38804
	],
	[
		103.98913,
		1.38797
	],
	[
		103.98889,
		1.38786
	],
	[
		103.98873,
		1.38778
	],
	[
		103.98854,
		1.38769
	],
	[
		103.98837,
		1.38761
	],
	[
		103.98807,
		1.38754
	],
	[
		103.98793,
		1.38751
	],
	[
		103.98736,
		1.38751
	],
	[
		103.98681,
		1.38754
	],
	[
		103.9858,
		1.38768
	],
	[
		103.98576,
		1.38769
	],
	[
		103.98558,
		1.38771
	],
	[
		103.98547,
		1.38772
	],
	[
		103.98277,
		1.38796
	],
	[
		103.98265,
		1.38795
	],
	[
		103.98253,
		1.38795
	],
	[
		103.98249,
		1.38794
	],
	[
		103.98215,
		1.38788
	],
	[
		103.98198,
		1.38782
	],
	[
		103.98182,
		1.38777
	],
	[
		103.98124,
		1.38758
	],
	[
		103.98071,
		1.38738
	],
	[
		103.98022,
		1.38722
	],
	[
		103.98009,
		1.38718
	],
	[
		103.97999,
		1.38711
	],
	[
		103.97986,
		1.38703
	],
	[
		103.97954,
		1.38684
	],
	[
		103.97948,
		1.3868
	],
	[
		103.97947,
		1.38679
	],
	[
		103.97928,
		1.38665
	],
	[
		103.97923,
		1.3866
	],
	[
		103.97903,
		1.38641
	],
	[
		103.97881,
		1.38615
	],
	[
		103.97862,
		1.38587
	],
	[
		103.97845,
		1.38552
	],
	[
		103.97833,
		1.38517
	],
	[
		103.97826,
		1.38486
	],
	[
		103.97822,
		1.38452
	],
	[
		103.97822,
		1.38423
	],
	[
		103.97824,
		1.3837
	],
	[
		103.97827,
		1.38329
	],
	[
		103.97846,
		1.37966
	],
	[
		103.97851,
		1.37884
	],
	[
		103.97849,
		1.3786
	],
	[
		103.97848,
		1.37836
	],
	[
		103.97835,
		1.37786
	],
	[
		103.97813,
		1.3774
	],
	[
		103.97783,
		1.377
	],
	[
		103.97726,
		1.37644
	],
	[
		103.9772,
		1.37638
	],
	[
		103.97665,
		1.37584
	],
	[
		103.97596,
		1.37516
	],
	[
		103.97525,
		1.37435
	],
	[
		103.97505,
		1.37416
	],
	[
		103.97489,
		1.37401
	],
	[
		103.97476,
		1.37387
	],
	[
		103.97449,
		1.3736
	],
	[
		103.97423,
		1.37334
	],
	[
		103.9738,
		1.37291
	],
	[
		103.97295,
		1.37206
	],
	[
		103.97275,
		1.37187
	],
	[
		103.97249,
		1.3716
	],
	[
		103.97231,
		1.37143
	],
	[
		103.97196,
		1.37107
	],
	[
		103.97132,
		1.37043
	],
	[
		103.97114,
		1.37025
	],
	[
		103.97102,
		1.37013
	],
	[
		103.97054,
		1.36965
	],
	[
		103.97013,
		1.36924
	],
	[
		103.96982,
		1.36892
	],
	[
		103.96837,
		1.36747
	],
	[
		103.96836,
		1.36746
	],
	[
		103.96807,
		1.36717
	],
	[
		103.96807,
		1.36717
	],
	[
		103.96736,
		1.36646
	],
	[
		103.96688,
		1.36598
	],
	[
		103.96675,
		1.36585
	],
	[
		103.96663,
		1.36574
	],
	[
		103.96653,
		1.36562
	],
	[
		103.96623,
		1.36534
	],
	[
		103.9655,
		1.36461
	],
	[
		103.96536,
		1.36448
	],
	[
		103.96507,
		1.36419
	],
	[
		103.96454,
		1.36368
	],
	[
		103.96439,
		1.36349
	],
	[
		103.96427,
		1.36339
	],
	[
		103.96404,
		1.36316
	],
	[
		103.96327,
		1.36237
	],
	[
		103.96302,
		1.36211
	],
	[
		103.96264,
		1.36171
	],
	[
		103.96242,
		1.36148
	],
	[
		103.96226,
		1.36133
	],
	[
		103.96194,
		1.36103
	],
	[
		103.96135,
		1.36045
	],
	[
		103.96114,
		1.36025
	],
	[
		103.96094,
		1.36004
	],
	[
		103.96046,
		1.35956
	],
	[
		103.95938,
		1.35847
	],
	[
		103.95927,
		1.35836
	],
	[
		103.95871,
		1.3578
	],
	[
		103.95849,
		1.35757
	],
	[
		103.95834,
		1.35738
	],
	[
		103.95766,
		1.35673
	],
	[
		103.95747,
		1.35661
	],
	[
		103.95743,
		1.35657
	],
	[
		103.95727,
		1.35647
	],
	[
		103.95698,
		1.35635
	],
	[
		103.95683,
		1.35631
	],
	[
		103.95668,
		1.35628
	],
	[
		103.95598,
		1.35624
	],
	[
		103.95561,
		1.35625
	],
	[
		103.95547,
		1.35625
	],
	[
		103.95528,
		1.35625
	],
	[
		103.95498,
		1.35625
	],
	[
		103.95419,
		1.35626
	],
	[
		103.9539,
		1.35627
	],
	[
		103.9539,
		1.35627
	],
	[
		103.9535,
		1.35628
	],
	[
		103.9535,
		1.35628
	],
	[
		103.95303,
		1.3563
	],
	[
		103.95201,
		1.35644
	],
	[
		103.95189,
		1.35645
	],
	[
		103.95175,
		1.35647
	],
	[
		103.95116,
		1.35656
	],
	[
		103.95116,
		1.35656
	],
	[
		103.95091,
		1.35659
	],
	[
		103.95091,
		1.3566
	],
	[
		103.95037,
		1.35667
	],
	[
		103.95025,
		1.35669
	],
	[
		103.95006,
		1.35671
	],
	[
		103.94974,
		1.35673
	],
	[
		103.94797,
		1.35674
	],
	[
		103.94767,
		1.35674
	],
	[
		103.94645,
		1.35675
	],
	[
		103.94643,
		1.35675
	],
	[
		103.94628,
		1.35673
	],
	[
		103.94612,
		1.35672
	],
	[
		103.94609,
		1.35672
	],
	[
		103.94536,
		1.35672
	],
	[
		103.94477,
		1.35673
	],
	[
		103.94422,
		1.35673
	],
	[
		103.94408,
		1.35673
	],
	[
		103.94408,
		1.35552
	],
	[
		103.9441,
		1.35542
	],
	[
		103.9441,
		1.35535
	],
	[
		103.94406,
		1.35527
	],
	[
		103.94398,
		1.35522
	],
	[
		103.9434,
		1.35497
	],
	[
		103.94349,
		1.35481
	],
	[
		103.94359,
		1.35467
	],
	[
		103.94362,
		1.35454
	]
]