[
	[
		103.74553,
		1.38606
	],
	[
		103.74551,
		1.38643
	],
	[
		103.74507,
		1.38641
	],
	[
		103.74405,
		1.38635
	],
	[
		103.74367,
		1.38634
	],
	[
		103.7435,
		1.38628
	],
	[
		103.74343,
		1.38622
	],
	[
		103.74339,
		1.38618
	],
	[
		103.74313,
		1.38588
	],
	[
		103.7431,
		1.38585
	],
	[
		103.74303,
		1.38574
	],
	[
		103.743,
		1.38562
	],
	[
		103.74303,
		1.38555
	],
	[
		103.74313,
		1.38521
	],
	[
		103.74324,
		1.38484
	],
	[
		103.74327,
		1.38474
	],
	[
		103.7433,
		1.38466
	],
	[
		103.74347,
		1.38408
	],
	[
		103.74355,
		1.3841
	],
	[
		103.74403,
		1.38422
	],
	[
		103.7442,
		1.38428
	],
	[
		103.74425,
		1.38429
	],
	[
		103.74447,
		1.38436
	],
	[
		103.7445,
		1.38437
	],
	[
		103.74488,
		1.38449
	],
	[
		103.74505,
		1.38455
	],
	[
		103.74535,
		1.38464
	],
	[
		103.74552,
		1.38469
	],
	[
		103.74586,
		1.3848
	],
	[
		103.74598,
		1.38484
	],
	[
		103.74616,
		1.38489
	],
	[
		103.74633,
		1.38495
	],
	[
		103.74656,
		1.3846
	],
	[
		103.7468,
		1.38423
	],
	[
		103.74691,
		1.38408
	],
	[
		103.74698,
		1.38396
	],
	[
		103.7472,
		1.38364
	],
	[
		103.74738,
		1.38344
	],
	[
		103.74747,
		1.38338
	],
	[
		103.74851,
		1.38291
	],
	[
		103.74975,
		1.38234
	],
	[
		103.75008,
		1.38218
	],
	[
		103.75017,
		1.38214
	],
	[
		103.75026,
		1.3821
	],
	[
		103.75044,
		1.38202
	],
	[
		103.75082,
		1.38185
	],
	[
		103.75128,
		1.38169
	],
	[
		103.75145,
		1.38163
	],
	[
		103.75171,
		1.38161
	],
	[
		103.75192,
		1.38164
	],
	[
		103.75214,
		1.38168
	],
	[
		103.75235,
		1.38172
	],
	[
		103.75259,
		1.3817
	],
	[
		103.7532,
		1.3815
	],
	[
		103.75377,
		1.3813
	],
	[
		103.7538,
		1.38129
	],
	[
		103.75393,
		1.38124
	],
	[
		103.75467,
		1.38099
	],
	[
		103.75482,
		1.38093
	],
	[
		103.7554,
		1.38072
	],
	[
		103.75555,
		1.38061
	],
	[
		103.7557,
		1.38046
	],
	[
		103.75575,
		1.38039
	],
	[
		103.75588,
		1.38021
	],
	[
		103.75598,
		1.38
	],
	[
		103.75606,
		1.37981
	],
	[
		103.7561,
		1.37973
	],
	[
		103.75612,
		1.37967
	],
	[
		103.7562,
		1.37934
	],
	[
		103.75623,
		1.37909
	],
	[
		103.75623,
		1.37909
	],
	[
		103.75624,
		1.37909
	],
	[
		103.75624,
		1.37873
	],
	[
		103.75612,
		1.37811
	],
	[
		103.75611,
		1.37791
	],
	[
		103.75615,
		1.37771
	],
	[
		103.75622,
		1.37752
	],
	[
		103.75627,
		1.37739
	],
	[
		103.75641,
		1.37746
	],
	[
		103.75701,
		1.3778
	],
	[
		103.75782,
		1.3782
	],
	[
		103.75782,
		1.3782
	],
	[
		103.75784,
		1.37821
	],
	[
		103.7579,
		1.37824
	],
	[
		103.75791,
		1.37824
	],
	[
		103.75797,
		1.37827
	],
	[
		103.7582,
		1.37837
	],
	[
		103.7583,
		1.37841
	],
	[
		103.75861,
		1.37854
	],
	[
		103.75881,
		1.37863
	],
	[
		103.75909,
		1.37874
	],
	[
		103.75915,
		1.37876
	],
	[
		103.76045,
		1.3793
	],
	[
		103.76073,
		1.37942
	],
	[
		103.76108,
		1.37959
	],
	[
		103.76123,
		1.37966
	],
	[
		103.76133,
		1.37973
	],
	[
		103.76182,
		1.37998
	],
	[
		103.76234,
		1.3802
	],
	[
		103.76305,
		1.3805
	],
	[
		103.76336,
		1.38069
	],
	[
		103.76346,
		1.38076
	],
	[
		103.76361,
		1.38082
	],
	[
		103.76383,
		1.38092
	],
	[
		103.76417,
		1.38103
	],
	[
		103.76454,
		1.38109
	],
	[
		103.76485,
		1.38112
	],
	[
		103.76523,
		1.38111
	],
	[
		103.76561,
		1.38106
	],
	[
		103.76581,
		1.381
	],
	[
		103.76609,
		1.38091
	],
	[
		103.76646,
		1.38073
	],
	[
		103.76742,
		1.38014
	],
	[
		103.76759,
		1.38004
	],
	[
		103.76924,
		1.37901
	],
	[
		103.77139,
		1.37767
	],
	[
		103.77172,
		1.37747
	],
	[
		103.77183,
		1.37739
	],
	[
		103.77194,
		1.37733
	],
	[
		103.77228,
		1.37711
	],
	[
		103.77297,
		1.37669
	],
	[
		103.77335,
		1.37646
	],
	[
		103.77348,
		1.37638
	],
	[
		103.77363,
		1.37629
	],
	[
		103.77414,
		1.37597
	],
	[
		103.77421,
		1.37593
	],
	[
		103.7744,
		1.37584
	],
	[
		103.77471,
		1.37573
	],
	[
		103.77522,
		1.37561
	],
	[
		103.77596,
		1.37555
	],
	[
		103.77719,
		1.37545
	],
	[
		103.77796,
		1.37539
	],
	[
		103.77825,
		1.37534
	],
	[
		103.77845,
		1.37524
	],
	[
		103.77857,
		1.37512
	],
	[
		103.77866,
		1.37492
	],
	[
		103.77872,
		1.37472
	],
	[
		103.77867,
		1.37454
	],
	[
		103.77849,
		1.37431
	],
	[
		103.77819,
		1.37402
	],
	[
		103.77809,
		1.37385
	],
	[
		103.77803,
		1.37367
	],
	[
		103.77801,
		1.37346
	],
	[
		103.7781,
		1.37292
	],
	[
		103.77824,
		1.37237
	],
	[
		103.77835,
		1.37167
	],
	[
		103.77872,
		1.37024
	],
	[
		103.77905,
		1.36898
	],
	[
		103.77934,
		1.36754
	],
	[
		103.77941,
		1.3672
	],
	[
		103.77977,
		1.36499
	],
	[
		103.77998,
		1.36358
	],
	[
		103.78,
		1.36349
	],
	[
		103.78014,
		1.36284
	],
	[
		103.7804,
		1.362
	],
	[
		103.78091,
		1.3607
	],
	[
		103.78143,
		1.35957
	],
	[
		103.78213,
		1.35841
	],
	[
		103.78308,
		1.3572
	],
	[
		103.78412,
		1.35614
	],
	[
		103.78541,
		1.35509
	],
	[
		103.78828,
		1.35322
	],
	[
		103.78901,
		1.35273
	],
	[
		103.78966,
		1.35219
	],
	[
		103.79007,
		1.35177
	],
	[
		103.79048,
		1.35125
	],
	[
		103.79098,
		1.35065
	],
	[
		103.79117,
		1.35037
	],
	[
		103.7914,
		1.35012
	],
	[
		103.79167,
		1.34992
	],
	[
		103.79188,
		1.3498
	],
	[
		103.79213,
		1.34974
	],
	[
		103.79243,
		1.34971
	],
	[
		103.79369,
		1.34963
	],
	[
		103.79458,
		1.34954
	],
	[
		103.79541,
		1.34936
	],
	[
		103.79624,
		1.34908
	],
	[
		103.79707,
		1.34866
	],
	[
		103.79766,
		1.34824
	],
	[
		103.79806,
		1.34791
	],
	[
		103.79849,
		1.34749
	],
	[
		103.7996,
		1.34635
	],
	[
		103.80049,
		1.34536
	],
	[
		103.80136,
		1.34447
	],
	[
		103.80417,
		1.34153
	],
	[
		103.80471,
		1.34097
	],
	[
		103.80558,
		1.34006
	],
	[
		103.80696,
		1.3388
	],
	[
		103.8077,
		1.33812
	],
	[
		103.81138,
		1.3348
	],
	[
		103.8118,
		1.33452
	],
	[
		103.81237,
		1.33423
	],
	[
		103.81285,
		1.33405
	],
	[
		103.81421,
		1.33368
	],
	[
		103.81436,
		1.33362
	],
	[
		103.81495,
		1.33337
	],
	[
		103.81623,
		1.33269
	],
	[
		103.81884,
		1.33128
	],
	[
		103.82012,
		1.33057
	],
	[
		103.82083,
		1.33023
	],
	[
		103.8227,
		1.32947
	],
	[
		103.8234,
		1.32916
	],
	[
		103.82366,
		1.32901
	],
	[
		103.82406,
		1.32873
	],
	[
		103.82449,
		1.32838
	],
	[
		103.82501,
		1.32787
	],
	[
		103.82554,
		1.3273
	],
	[
		103.82607,
		1.32699
	],
	[
		103.82631,
		1.3269
	],
	[
		103.82681,
		1.3268
	],
	[
		103.82714,
		1.32677
	],
	[
		103.8276,
		1.32682
	],
	[
		103.82796,
		1.3269
	],
	[
		103.82814,
		1.32698
	],
	[
		103.82824,
		1.32715
	],
	[
		103.82825,
		1.32726
	],
	[
		103.82823,
		1.32737
	],
	[
		103.82814,
		1.32748
	],
	[
		103.82801,
		1.32754
	],
	[
		103.82789,
		1.32756
	],
	[
		103.82776,
		1.32755
	],
	[
		103.82761,
		1.3275
	],
	[
		103.82746,
		1.32744
	],
	[
		103.8272,
		1.32733
	],
	[
		103.82711,
		1.32717
	],
	[
		103.82707,
		1.32708
	],
	[
		103.82699,
		1.32689
	],
	[
		103.82679,
		1.3262
	],
	[
		103.82668,
		1.32585
	],
	[
		103.82664,
		1.32539
	],
	[
		103.82665,
		1.32513
	],
	[
		103.82677,
		1.32403
	],
	[
		103.82673,
		1.32396
	],
	[
		103.82662,
		1.32374
	],
	[
		103.82651,
		1.32353
	],
	[
		103.82606,
		1.32262
	],
	[
		103.82597,
		1.32243
	],
	[
		103.82568,
		1.32156
	],
	[
		103.82551,
		1.32107
	],
	[
		103.82543,
		1.32078
	],
	[
		103.82543,
		1.32078
	],
	[
		103.82541,
		1.32047
	],
	[
		103.82549,
		1.31988
	],
	[
		103.8255,
		1.31976
	],
	[
		103.82556,
		1.31938
	],
	[
		103.82563,
		1.31897
	],
	[
		103.82568,
		1.3186
	],
	[
		103.82569,
		1.31853
	],
	[
		103.82573,
		1.31825
	],
	[
		103.82583,
		1.31759
	],
	[
		103.82584,
		1.31748
	],
	[
		103.82585,
		1.3174
	],
	[
		103.82587,
		1.31731
	],
	[
		103.82591,
		1.31702
	],
	[
		103.82599,
		1.31636
	],
	[
		103.826,
		1.3163
	],
	[
		103.826,
		1.31625
	],
	[
		103.82599,
		1.31616
	],
	[
		103.82612,
		1.31543
	],
	[
		103.82629,
		1.31479
	],
	[
		103.82661,
		1.31434
	],
	[
		103.82706,
		1.31401
	],
	[
		103.82733,
		1.31381
	],
	[
		103.82762,
		1.3136
	],
	[
		103.82777,
		1.31353
	],
	[
		103.82805,
		1.31341
	],
	[
		103.8283,
		1.31335
	],
	[
		103.82874,
		1.31323
	],
	[
		103.82912,
		1.31313
	],
	[
		103.82953,
		1.31302
	],
	[
		103.82976,
		1.31296
	],
	[
		103.82979,
		1.31295
	],
	[
		103.83054,
		1.31277
	],
	[
		103.83099,
		1.31266
	],
	[
		103.83109,
		1.31264
	],
	[
		103.83125,
		1.3126
	],
	[
		103.83188,
		1.31244
	],
	[
		103.8325,
		1.31228
	],
	[
		103.83268,
		1.31221
	],
	[
		103.83293,
		1.312
	],
	[
		103.83304,
		1.31185
	],
	[
		103.83313,
		1.31165
	],
	[
		103.8333,
		1.31136
	],
	[
		103.83332,
		1.31111
	],
	[
		103.83336,
		1.3109
	],
	[
		103.83345,
		1.30989
	],
	[
		103.83362,
		1.30894
	],
	[
		103.83352,
		1.30869
	],
	[
		103.83331,
		1.30816
	],
	[
		103.83323,
		1.30796
	],
	[
		103.83315,
		1.30775
	],
	[
		103.83299,
		1.3074
	],
	[
		103.83258,
		1.30647
	],
	[
		103.83243,
		1.30617
	],
	[
		103.8323,
		1.30583
	],
	[
		103.83226,
		1.30575
	],
	[
		103.83215,
		1.30532
	],
	[
		103.8321,
		1.3051
	],
	[
		103.83212,
		1.30495
	],
	[
		103.83222,
		1.30484
	],
	[
		103.83293,
		1.30443
	],
	[
		103.83332,
		1.30421
	],
	[
		103.83425,
		1.30371
	],
	[
		103.83439,
		1.30365
	],
	[
		103.83586,
		1.30285
	],
	[
		103.83606,
		1.30271
	],
	[
		103.83648,
		1.30247
	],
	[
		103.83682,
		1.30229
	],
	[
		103.83695,
		1.30222
	],
	[
		103.83746,
		1.30196
	],
	[
		103.83755,
		1.30192
	],
	[
		103.83869,
		1.30139
	],
	[
		103.8388,
		1.30135
	],
	[
		103.83931,
		1.30118
	],
	[
		103.84002,
		1.30094
	],
	[
		103.8407,
		1.30073
	],
	[
		103.84121,
		1.30057
	],
	[
		103.84182,
		1.30038
	],
	[
		103.84192,
		1.30035
	],
	[
		103.843,
		1.30001
	],
	[
		103.84375,
		1.29976
	],
	[
		103.84448,
		1.29953
	],
	[
		103.84473,
		1.29945
	],
	[
		103.84477,
		1.29942
	],
	[
		103.84527,
		1.29926
	]
]