[
	[
		103.95239,
		1.31791
	],
	[
		103.95217,
		1.31852
	],
	[
		103.9514,
		1.31834
	],
	[
		103.95083,
		1.3182
	],
	[
		103.95062,
		1.31815
	],
	[
		103.94883,
		1.31755
	],
	[
		103.94849,
		1.31743
	],
	[
		103.94817,
		1.31731
	],
	[
		103.94793,
		1.3172
	],
	[
		103.94752,
		1.31701
	],
	[
		103.94729,
		1.31695
	],
	[
		103.94566,
		1.31653
	],
	[
		103.94535,
		1.31645
	],
	[
		103.94532,
		1.31658
	],
	[
		103.94524,
		1.31683
	],
	[
		103.94489,
		1.31798
	],
	[
		103.94486,
		1.31807
	],
	[
		103.9445,
		1.31927
	],
	[
		103.94449,
		1.31931
	],
	[
		103.94429,
		1.31997
	],
	[
		103.94409,
		1.32066
	],
	[
		103.94406,
		1.32085
	],
	[
		103.94404,
		1.32096
	],
	[
		103.94403,
		1.32106
	],
	[
		103.944,
		1.32123
	],
	[
		103.94398,
		1.32175
	],
	[
		103.94399,
		1.32215
	],
	[
		103.94402,
		1.32237
	],
	[
		103.94404,
		1.32253
	],
	[
		103.94404,
		1.32258
	],
	[
		103.94407,
		1.32279
	],
	[
		103.9442,
		1.32349
	],
	[
		103.9444,
		1.32462
	],
	[
		103.94446,
		1.32494
	],
	[
		103.94446,
		1.32519
	],
	[
		103.94443,
		1.32542
	],
	[
		103.94428,
		1.32584
	],
	[
		103.94422,
		1.32593
	],
	[
		103.94407,
		1.32607
	],
	[
		103.94393,
		1.32614
	],
	[
		103.94313,
		1.32589
	],
	[
		103.94216,
		1.32558
	],
	[
		103.94156,
		1.32539
	],
	[
		103.94056,
		1.32519
	],
	[
		103.94017,
		1.32513
	],
	[
		103.93952,
		1.32505
	],
	[
		103.93859,
		1.32493
	],
	[
		103.93729,
		1.32477
	],
	[
		103.93694,
		1.32473
	],
	[
		103.93564,
		1.32457
	],
	[
		103.9347,
		1.32445
	],
	[
		103.93384,
		1.32433
	],
	[
		103.9324,
		1.32416
	],
	[
		103.93188,
		1.3241
	],
	[
		103.93136,
		1.32402
	],
	[
		103.931,
		1.32396
	],
	[
		103.92943,
		1.32373
	],
	[
		103.92885,
		1.32365
	],
	[
		103.92758,
		1.32347
	],
	[
		103.92729,
		1.32342
	],
	[
		103.92707,
		1.32338
	],
	[
		103.92545,
		1.32313
	],
	[
		103.9252,
		1.32307
	],
	[
		103.92338,
		1.32262
	],
	[
		103.92258,
		1.32234
	],
	[
		103.9203,
		1.32155
	],
	[
		103.91976,
		1.32138
	],
	[
		103.91926,
		1.32126
	],
	[
		103.91807,
		1.32086
	],
	[
		103.91807,
		1.32086
	],
	[
		103.91783,
		1.32078
	],
	[
		103.91744,
		1.32065
	],
	[
		103.91613,
		1.32022
	],
	[
		103.9155,
		1.32001
	],
	[
		103.91503,
		1.31984
	],
	[
		103.91488,
		1.31979
	],
	[
		103.91473,
		1.31973
	],
	[
		103.9141,
		1.31952
	],
	[
		103.91329,
		1.31922
	],
	[
		103.91256,
		1.31907
	],
	[
		103.9122,
		1.319
	],
	[
		103.91173,
		1.31891
	],
	[
		103.9115,
		1.31886
	],
	[
		103.91102,
		1.31877
	],
	[
		103.91078,
		1.31872
	],
	[
		103.91001,
		1.31857
	],
	[
		103.90965,
		1.3185
	],
	[
		103.90952,
		1.31847
	],
	[
		103.90913,
		1.3184
	],
	[
		103.90832,
		1.3182
	],
	[
		103.90794,
		1.31811
	],
	[
		103.90667,
		1.31787
	],
	[
		103.90617,
		1.31779
	],
	[
		103.90579,
		1.31772
	],
	[
		103.90507,
		1.31761
	],
	[
		103.90498,
		1.31905
	],
	[
		103.90496,
		1.31927
	],
	[
		103.90498,
		1.31945
	],
	[
		103.90501,
		1.31979
	],
	[
		103.90512,
		1.32064
	],
	[
		103.90515,
		1.3209
	],
	[
		103.90523,
		1.32164
	],
	[
		103.90524,
		1.32182
	],
	[
		103.9053,
		1.32231
	],
	[
		103.90531,
		1.32241
	],
	[
		103.90534,
		1.32273
	],
	[
		103.90544,
		1.32345
	],
	[
		103.90549,
		1.32378
	],
	[
		103.90555,
		1.3243
	],
	[
		103.90556,
		1.32435
	],
	[
		103.90561,
		1.32474
	],
	[
		103.90572,
		1.3256
	],
	[
		103.9058,
		1.32622
	],
	[
		103.90583,
		1.32669
	],
	[
		103.90584,
		1.32721
	],
	[
		103.90573,
		1.32774
	],
	[
		103.90566,
		1.328
	],
	[
		103.90558,
		1.3282
	],
	[
		103.90554,
		1.32831
	],
	[
		103.9054,
		1.32861
	],
	[
		103.90506,
		1.32914
	],
	[
		103.90475,
		1.32953
	],
	[
		103.90433,
		1.32992
	],
	[
		103.90392,
		1.33032
	],
	[
		103.9027,
		1.3315
	],
	[
		103.90231,
		1.33188
	],
	[
		103.90222,
		1.33197
	],
	[
		103.90185,
		1.33232
	],
	[
		103.9011,
		1.33305
	],
	[
		103.89964,
		1.33445
	],
	[
		103.89939,
		1.3347
	],
	[
		103.89913,
		1.33495
	],
	[
		103.89837,
		1.33567
	],
	[
		103.89669,
		1.33729
	],
	[
		103.89623,
		1.33776
	],
	[
		103.89611,
		1.33786
	],
	[
		103.89582,
		1.33811
	],
	[
		103.89553,
		1.33843
	],
	[
		103.89522,
		1.33866
	],
	[
		103.89469,
		1.33906
	],
	[
		103.89435,
		1.33924
	],
	[
		103.89421,
		1.3393
	],
	[
		103.89333,
		1.33968
	],
	[
		103.89297,
		1.33987
	],
	[
		103.89274,
		1.34003
	],
	[
		103.89249,
		1.34024
	],
	[
		103.89231,
		1.34047
	],
	[
		103.89214,
		1.34067
	],
	[
		103.8921,
		1.34074
	],
	[
		103.89178,
		1.3413
	],
	[
		103.89158,
		1.34194
	],
	[
		103.8915,
		1.34251
	],
	[
		103.89146,
		1.34283
	],
	[
		103.89144,
		1.34304
	],
	[
		103.89139,
		1.34332
	],
	[
		103.89125,
		1.3439
	],
	[
		103.8912,
		1.34414
	],
	[
		103.89118,
		1.34425
	],
	[
		103.89083,
		1.34583
	],
	[
		103.89081,
		1.34593
	],
	[
		103.89078,
		1.34606
	],
	[
		103.89064,
		1.34662
	],
	[
		103.89051,
		1.347
	],
	[
		103.89039,
		1.34727
	],
	[
		103.89014,
		1.34772
	],
	[
		103.88986,
		1.34824
	],
	[
		103.88977,
		1.34851
	],
	[
		103.88969,
		1.34894
	],
	[
		103.88969,
		1.34924
	],
	[
		103.88976,
		1.34981
	],
	[
		103.88996,
		1.35073
	],
	[
		103.88997,
		1.35075
	],
	[
		103.89018,
		1.35119
	],
	[
		103.89023,
		1.35139
	],
	[
		103.89036,
		1.3517
	],
	[
		103.89053,
		1.3521
	],
	[
		103.89057,
		1.35218
	],
	[
		103.89059,
		1.35225
	],
	[
		103.89075,
		1.35261
	],
	[
		103.89099,
		1.35318
	],
	[
		103.89112,
		1.35352
	],
	[
		103.89115,
		1.35359
	],
	[
		103.89131,
		1.35386
	],
	[
		103.89148,
		1.35431
	],
	[
		103.89191,
		1.35532
	],
	[
		103.89202,
		1.35564
	],
	[
		103.89229,
		1.35648
	],
	[
		103.89279,
		1.35806
	],
	[
		103.89282,
		1.35813
	],
	[
		103.89285,
		1.35826
	],
	[
		103.89286,
		1.35834
	],
	[
		103.893,
		1.35894
	],
	[
		103.89306,
		1.35918
	],
	[
		103.89306,
		1.3592
	],
	[
		103.89313,
		1.35974
	],
	[
		103.89313,
		1.35978
	],
	[
		103.89313,
		1.35978
	],
	[
		103.89315,
		1.36041
	],
	[
		103.89313,
		1.36066
	],
	[
		103.89308,
		1.36105
	],
	[
		103.89302,
		1.3614
	],
	[
		103.89301,
		1.3615
	],
	[
		103.893,
		1.36157
	],
	[
		103.89295,
		1.3621
	],
	[
		103.89291,
		1.36248
	],
	[
		103.89286,
		1.36285
	],
	[
		103.89284,
		1.36296
	],
	[
		103.89277,
		1.36325
	],
	[
		103.89265,
		1.36354
	],
	[
		103.8925,
		1.36385
	],
	[
		103.89237,
		1.36406
	],
	[
		103.89226,
		1.3642
	],
	[
		103.89207,
		1.36443
	],
	[
		103.89168,
		1.36485
	],
	[
		103.89161,
		1.36492
	],
	[
		103.89126,
		1.3653
	],
	[
		103.89099,
		1.36558
	],
	[
		103.89093,
		1.36564
	],
	[
		103.89069,
		1.36591
	],
	[
		103.8899,
		1.36673
	],
	[
		103.88975,
		1.36684
	],
	[
		103.88973,
		1.36686
	],
	[
		103.88973,
		1.36686
	],
	[
		103.88956,
		1.36695
	],
	[
		103.88949,
		1.367
	],
	[
		103.88948,
		1.367
	],
	[
		103.88933,
		1.36707
	],
	[
		103.88909,
		1.36718
	],
	[
		103.88876,
		1.3673
	],
	[
		103.88868,
		1.36733
	],
	[
		103.88751,
		1.36765
	],
	[
		103.88718,
		1.36774
	],
	[
		103.88693,
		1.36779
	],
	[
		103.88682,
		1.36782
	],
	[
		103.88634,
		1.36792
	],
	[
		103.88546,
		1.3681
	],
	[
		103.88456,
		1.36828
	],
	[
		103.88455,
		1.36829
	],
	[
		103.88304,
		1.3686
	],
	[
		103.88298,
		1.36861
	],
	[
		103.88286,
		1.36864
	],
	[
		103.88262,
		1.36868
	],
	[
		103.88205,
		1.36881
	],
	[
		103.88034,
		1.36919
	],
	[
		103.88003,
		1.36927
	],
	[
		103.87995,
		1.36929
	],
	[
		103.87988,
		1.3693
	],
	[
		103.87936,
		1.3694
	],
	[
		103.87893,
		1.36947
	],
	[
		103.87813,
		1.36931
	],
	[
		103.87813,
		1.36931
	],
	[
		103.87699,
		1.36921
	],
	[
		103.87679,
		1.36918
	],
	[
		103.87629,
		1.36929
	],
	[
		103.87584,
		1.36939
	],
	[
		103.87466,
		1.37007
	],
	[
		103.87411,
		1.37038
	],
	[
		103.87369,
		1.37066
	],
	[
		103.87207,
		1.37107
	],
	[
		103.87175,
		1.37115
	],
	[
		103.87167,
		1.37117
	],
	[
		103.87159,
		1.37119
	],
	[
		103.87114,
		1.3713
	],
	[
		103.8706,
		1.37144
	],
	[
		103.8699,
		1.37162
	],
	[
		103.86911,
		1.37181
	],
	[
		103.86871,
		1.37188
	],
	[
		103.86828,
		1.37191
	],
	[
		103.86766,
		1.37188
	],
	[
		103.86762,
		1.37188
	],
	[
		103.86694,
		1.37179
	],
	[
		103.86675,
		1.37173
	],
	[
		103.86601,
		1.37143
	],
	[
		103.86591,
		1.37137
	],
	[
		103.86531,
		1.37101
	],
	[
		103.86474,
		1.37066
	],
	[
		103.86455,
		1.37058
	],
	[
		103.86414,
		1.37044
	],
	[
		103.86404,
		1.3704
	],
	[
		103.86393,
		1.37037
	],
	[
		103.86384,
		1.37034
	],
	[
		103.86374,
		1.37031
	],
	[
		103.86301,
		1.37006
	],
	[
		103.86209,
		1.36976
	],
	[
		103.86127,
		1.36951
	],
	[
		103.8612,
		1.3695
	],
	[
		103.86053,
		1.36934
	],
	[
		103.86045,
		1.36932
	],
	[
		103.85937,
		1.36913
	],
	[
		103.85831,
		1.36905
	],
	[
		103.85797,
		1.36902
	],
	[
		103.85751,
		1.36903
	],
	[
		103.85709,
		1.36906
	],
	[
		103.85695,
		1.36909
	],
	[
		103.85683,
		1.36911
	],
	[
		103.85668,
		1.36914
	],
	[
		103.85646,
		1.36919
	],
	[
		103.85619,
		1.36926
	],
	[
		103.85543,
		1.36947
	],
	[
		103.85409,
		1.36982
	],
	[
		103.85406,
		1.36983
	],
	[
		103.85374,
		1.36986
	],
	[
		103.85322,
		1.36986
	],
	[
		103.8527,
		1.3698
	],
	[
		103.85217,
		1.36966
	],
	[
		103.85206,
		1.36963
	],
	[
		103.85109,
		1.36938
	],
	[
		103.8498,
		1.36904
	],
	[
		103.84972,
		1.36902
	],
	[
		103.84963,
		1.36919
	],
	[
		103.84947,
		1.36947
	],
	[
		103.84914,
		1.37007
	],
	[
		103.84886,
		1.36991
	],
	[
		103.84858,
		1.36987
	]
]