[
	[
		103.8485,
		1.36983
	],
	[
		103.84886,
		1.36991
	],
	[
		103.84914,
		1.37007
	],
	[
		103.84947,
		1.36947
	],
	[
		103.84954,
		1.36935
	],
	[
		103.84963,
		1.36919
	],
	[
		103.84964,
		1.36917
	],
	[
		103.84972,
		1.36902
	],
	[
		103.8498,
		1.36904
	],
	[
		103.8508,
		1.3693
	],
	[
		103.85083,
		1.36931
	],
	[
		103.85108,
		1.36938
	],
	[
		103.85217,
		1.36966
	],
	[
		103.8527,
		1.3698
	],
	[
		103.85322,
		1.36986
	],
	[
		103.85353,
		1.36986
	],
	[
		103.85357,
		1.36986
	],
	[
		103.85374,
		1.36986
	],
	[
		103.85406,
		1.36983
	],
	[
		103.85409,
		1.36982
	],
	[
		103.85543,
		1.36947
	],
	[
		103.85597,
		1.36932
	],
	[
		103.85619,
		1.36926
	],
	[
		103.85646,
		1.36919
	],
	[
		103.85659,
		1.36916
	],
	[
		103.85673,
		1.36913
	],
	[
		103.85683,
		1.36911
	],
	[
		103.85683,
		1.36903
	],
	[
		103.85683,
		1.36882
	],
	[
		103.85683,
		1.36824
	],
	[
		103.8568,
		1.36783
	],
	[
		103.85673,
		1.36731
	],
	[
		103.85665,
		1.36696
	],
	[
		103.85649,
		1.36643
	],
	[
		103.8562,
		1.3657
	],
	[
		103.85609,
		1.36541
	],
	[
		103.85598,
		1.36504
	],
	[
		103.85586,
		1.36444
	],
	[
		103.85583,
		1.36398
	],
	[
		103.85583,
		1.36387
	],
	[
		103.85583,
		1.36304
	],
	[
		103.85582,
		1.36289
	],
	[
		103.85582,
		1.36286
	],
	[
		103.85582,
		1.36238
	],
	[
		103.85582,
		1.36238
	],
	[
		103.85582,
		1.36238
	],
	[
		103.85582,
		1.3619
	],
	[
		103.85582,
		1.36136
	],
	[
		103.85582,
		1.36089
	],
	[
		103.85579,
		1.36066
	],
	[
		103.85578,
		1.36058
	],
	[
		103.8557,
		1.36027
	],
	[
		103.85557,
		1.35994
	],
	[
		103.85544,
		1.3597
	],
	[
		103.85526,
		1.35945
	],
	[
		103.85523,
		1.35942
	],
	[
		103.85523,
		1.35942
	],
	[
		103.85504,
		1.35922
	],
	[
		103.85486,
		1.35906
	],
	[
		103.85514,
		1.35852
	],
	[
		103.8552,
		1.3584
	],
	[
		103.85551,
		1.35779
	],
	[
		103.8557,
		1.35794
	],
	[
		103.85572,
		1.35801
	],
	[
		103.85591,
		1.35853
	],
	[
		103.85597,
		1.35871
	],
	[
		103.85599,
		1.35875
	],
	[
		103.85614,
		1.35916
	],
	[
		103.85633,
		1.35966
	],
	[
		103.85557,
		1.35994
	],
	[
		103.8557,
		1.36027
	],
	[
		103.85578,
		1.36058
	],
	[
		103.85579,
		1.36066
	],
	[
		103.85582,
		1.36089
	],
	[
		103.85582,
		1.36136
	],
	[
		103.85582,
		1.3619
	],
	[
		103.85582,
		1.36238
	],
	[
		103.85582,
		1.36238
	],
	[
		103.85582,
		1.36243
	],
	[
		103.85582,
		1.36289
	],
	[
		103.85583,
		1.36304
	],
	[
		103.85583,
		1.36387
	],
	[
		103.85583,
		1.36398
	],
	[
		103.85586,
		1.36444
	],
	[
		103.85598,
		1.36504
	],
	[
		103.85609,
		1.36541
	],
	[
		103.8562,
		1.3657
	],
	[
		103.85649,
		1.36643
	],
	[
		103.85665,
		1.36696
	],
	[
		103.85673,
		1.36731
	],
	[
		103.8568,
		1.36783
	],
	[
		103.85683,
		1.36824
	],
	[
		103.85683,
		1.36882
	],
	[
		103.85683,
		1.36903
	],
	[
		103.85683,
		1.36911
	],
	[
		103.85673,
		1.36913
	],
	[
		103.85659,
		1.36916
	],
	[
		103.85646,
		1.36919
	],
	[
		103.85621,
		1.36926
	],
	[
		103.85619,
		1.36926
	],
	[
		103.85597,
		1.36932
	],
	[
		103.85543,
		1.36947
	],
	[
		103.85409,
		1.36982
	],
	[
		103.85406,
		1.36983
	],
	[
		103.85402,
		1.36983
	],
	[
		103.85374,
		1.36986
	],
	[
		103.85357,
		1.36986
	],
	[
		103.85322,
		1.36986
	],
	[
		103.8527,
		1.3698
	],
	[
		103.85217,
		1.36966
	],
	[
		103.85108,
		1.36938
	],
	[
		103.85104,
		1.36937
	],
	[
		103.84972,
		1.36902
	],
	[
		103.84954,
		1.36935
	],
	[
		103.84914,
		1.37007
	],
	[
		103.84886,
		1.36991
	],
	[
		103.8485,
		1.36983
	]
]