[
	[
		103.8485,
		1.36983
	],
	[
		103.84886,
		1.36991
	],
	[
		103.84914,
		1.37007
	],
	[
		103.84947,
		1.36947
	],
	[
		103.84954,
		1.36935
	],
	[
		103.84964,
		1.36917
	],
	[
		103.84972,
		1.36902
	],
	[
		103.85043,
		1.36778
	],
	[
		103.85044,
		1.36776
	],
	[
		103.85072,
		1.36728
	],
	[
		103.85129,
		1.36627
	],
	[
		103.85185,
		1.36528
	],
	[
		103.85233,
		1.36442
	],
	[
		103.85237,
		1.36435
	],
	[
		103.8524,
		1.36429
	],
	[
		103.85253,
		1.36403
	],
	[
		103.85266,
		1.36377
	],
	[
		103.85278,
		1.36345
	],
	[
		103.85288,
		1.363
	],
	[
		103.85289,
		1.36282
	],
	[
		103.85292,
		1.36239
	],
	[
		103.85289,
		1.36207
	],
	[
		103.85288,
		1.36197
	],
	[
		103.85279,
		1.36154
	],
	[
		103.85272,
		1.36138
	],
	[
		103.85267,
		1.36126
	],
	[
		103.85251,
		1.36087
	],
	[
		103.85244,
		1.36071
	],
	[
		103.85231,
		1.36042
	],
	[
		103.85231,
		1.36042
	],
	[
		103.85226,
		1.36033
	],
	[
		103.85217,
		1.36042
	],
	[
		103.85217,
		1.36042
	],
	[
		103.85215,
		1.36044
	],
	[
		103.85194,
		1.36065
	],
	[
		103.85182,
		1.36075
	],
	[
		103.85115,
		1.36128
	],
	[
		103.85113,
		1.36129
	],
	[
		103.85082,
		1.36154
	],
	[
		103.84992,
		1.36226
	],
	[
		103.84935,
		1.36268
	],
	[
		103.84892,
		1.36292
	],
	[
		103.84869,
		1.36309
	],
	[
		103.84857,
		1.36314
	],
	[
		103.84853,
		1.36316
	],
	[
		103.84782,
		1.36348
	],
	[
		103.84772,
		1.36353
	],
	[
		103.8476,
		1.36358
	],
	[
		103.84704,
		1.36378
	],
	[
		103.84653,
		1.36391
	],
	[
		103.84589,
		1.36405
	],
	[
		103.84589,
		1.36405
	],
	[
		103.84561,
		1.36411
	],
	[
		103.84489,
		1.36417
	],
	[
		103.84403,
		1.36424
	],
	[
		103.84376,
		1.36427
	],
	[
		103.84308,
		1.36433
	],
	[
		103.84298,
		1.36434
	],
	[
		103.84286,
		1.36435
	],
	[
		103.84164,
		1.36447
	],
	[
		103.8416,
		1.36448
	],
	[
		103.84148,
		1.36451
	],
	[
		103.84092,
		1.36465
	],
	[
		103.84079,
		1.36468
	],
	[
		103.84054,
		1.36478
	],
	[
		103.84053,
		1.36478
	],
	[
		103.84045,
		1.36481
	],
	[
		103.83982,
		1.36504
	],
	[
		103.83805,
		1.36569
	],
	[
		103.83803,
		1.3657
	],
	[
		103.83768,
		1.36583
	],
	[
		103.83694,
		1.3661
	],
	[
		103.83566,
		1.36654
	],
	[
		103.83599,
		1.36753
	],
	[
		103.83624,
		1.36819
	],
	[
		103.83635,
		1.36841
	],
	[
		103.83644,
		1.36855
	],
	[
		103.83646,
		1.36859
	],
	[
		103.83655,
		1.36873
	],
	[
		103.83689,
		1.3691
	],
	[
		103.83725,
		1.36937
	],
	[
		103.83684,
		1.37003
	],
	[
		103.83672,
		1.3703
	],
	[
		103.83665,
		1.37056
	],
	[
		103.83663,
		1.37062
	],
	[
		103.8366,
		1.37073
	],
	[
		103.83657,
		1.37104
	],
	[
		103.83617,
		1.37097
	],
	[
		103.83575,
		1.37093
	],
	[
		103.83515,
		1.37095
	],
	[
		103.83497,
		1.37096
	],
	[
		103.83485,
		1.37099
	],
	[
		103.83479,
		1.37101
	],
	[
		103.83448,
		1.37108
	],
	[
		103.8335,
		1.37141
	],
	[
		103.833,
		1.37154
	],
	[
		103.83275,
		1.37109
	],
	[
		103.83247,
		1.37063
	],
	[
		103.83228,
		1.37032
	],
	[
		103.83226,
		1.37028
	],
	[
		103.83212,
		1.37004
	],
	[
		103.83171,
		1.36945
	],
	[
		103.83123,
		1.36891
	],
	[
		103.83111,
		1.36873
	],
	[
		103.83104,
		1.36853
	],
	[
		103.83098,
		1.36813
	],
	[
		103.83109,
		1.36799
	],
	[
		103.83109,
		1.36798
	],
	[
		103.83114,
		1.3679
	],
	[
		103.83123,
		1.36784
	],
	[
		103.83136,
		1.36775
	],
	[
		103.8317,
		1.3677
	],
	[
		103.83174,
		1.3677
	],
	[
		103.83193,
		1.36767
	],
	[
		103.83306,
		1.36742
	],
	[
		103.83357,
		1.36727
	],
	[
		103.83398,
		1.36712
	],
	[
		103.83401,
		1.36711
	],
	[
		103.83566,
		1.36654
	],
	[
		103.83694,
		1.3661
	],
	[
		103.83768,
		1.36583
	],
	[
		103.83773,
		1.36581
	],
	[
		103.83805,
		1.36569
	],
	[
		103.83982,
		1.36504
	],
	[
		103.84053,
		1.36478
	],
	[
		103.84054,
		1.36478
	],
	[
		103.84054,
		1.36478
	],
	[
		103.84054,
		1.36478
	],
	[
		103.84079,
		1.36468
	],
	[
		103.84092,
		1.36465
	],
	[
		103.84148,
		1.36451
	],
	[
		103.8416,
		1.36448
	],
	[
		103.84164,
		1.36447
	],
	[
		103.84286,
		1.36435
	],
	[
		103.84298,
		1.36434
	],
	[
		103.84308,
		1.36433
	],
	[
		103.84376,
		1.36427
	],
	[
		103.84403,
		1.36424
	],
	[
		103.84487,
		1.36417
	],
	[
		103.84489,
		1.36417
	],
	[
		103.84561,
		1.36411
	],
	[
		103.84589,
		1.36405
	],
	[
		103.84589,
		1.36405
	],
	[
		103.84653,
		1.36391
	],
	[
		103.84704,
		1.36378
	],
	[
		103.8476,
		1.36358
	],
	[
		103.84772,
		1.36353
	],
	[
		103.84779,
		1.3635
	],
	[
		103.84782,
		1.36348
	],
	[
		103.84857,
		1.36314
	],
	[
		103.84869,
		1.36309
	],
	[
		103.84892,
		1.36292
	],
	[
		103.84935,
		1.36268
	],
	[
		103.84992,
		1.36226
	],
	[
		103.85078,
		1.36157
	],
	[
		103.85082,
		1.36154
	],
	[
		103.85113,
		1.36129
	],
	[
		103.85182,
		1.36075
	],
	[
		103.85201,
		1.36069
	],
	[
		103.85205,
		1.36068
	],
	[
		103.85222,
		1.36067
	],
	[
		103.85237,
		1.36074
	],
	[
		103.8524,
		1.36077
	],
	[
		103.85251,
		1.36087
	],
	[
		103.85272,
		1.36138
	],
	[
		103.85272,
		1.36139
	],
	[
		103.85279,
		1.36154
	],
	[
		103.85288,
		1.36197
	],
	[
		103.85289,
		1.36207
	],
	[
		103.85292,
		1.36239
	],
	[
		103.85289,
		1.36282
	],
	[
		103.85288,
		1.363
	],
	[
		103.85278,
		1.36345
	],
	[
		103.85266,
		1.36377
	],
	[
		103.85253,
		1.36403
	],
	[
		103.85251,
		1.36408
	],
	[
		103.8524,
		1.36429
	],
	[
		103.85233,
		1.36442
	],
	[
		103.85185,
		1.36528
	],
	[
		103.85129,
		1.36627
	],
	[
		103.85072,
		1.36728
	],
	[
		103.85071,
		1.36728
	],
	[
		103.85044,
		1.36776
	],
	[
		103.84981,
		1.36888
	],
	[
		103.84972,
		1.36902
	],
	[
		103.84963,
		1.36919
	],
	[
		103.84947,
		1.36947
	],
	[
		103.84914,
		1.37007
	],
	[
		103.84886,
		1.36991
	],
	[
		103.8485,
		1.36983
	]
]