[
	[
		103.8485,
		1.36983
	],
	[
		103.84886,
		1.36991
	],
	[
		103.84914,
		1.37007
	],
	[
		103.84947,
		1.36947
	],
	[
		103.8495,
		1.36934
	],
	[
		103.8495,
		1.3693
	],
	[
		103.84949,
		1.36919
	],
	[
		103.84942,
		1.36903
	],
	[
		103.8494,
		1.369
	],
	[
		103.84932,
		1.36892
	],
	[
		103.84891,
		1.36883
	],
	[
		103.84833,
		1.36878
	],
	[
		103.84795,
		1.3688
	],
	[
		103.84685,
		1.36892
	],
	[
		103.84671,
		1.36894
	],
	[
		103.84665,
		1.36894
	],
	[
		103.84663,
		1.36894
	],
	[
		103.84617,
		1.369
	],
	[
		103.84572,
		1.36905
	],
	[
		103.8456,
		1.36907
	],
	[
		103.84547,
		1.36908
	],
	[
		103.84547,
		1.36908
	],
	[
		103.84541,
		1.36909
	],
	[
		103.84536,
		1.3691
	],
	[
		103.84536,
		1.3691
	],
	[
		103.84516,
		1.36912
	],
	[
		103.84498,
		1.36914
	],
	[
		103.84398,
		1.36926
	],
	[
		103.84334,
		1.36934
	],
	[
		103.84334,
		1.36934
	],
	[
		103.8427,
		1.36942
	],
	[
		103.84192,
		1.36952
	],
	[
		103.84083,
		1.36965
	],
	[
		103.83995,
		1.36975
	],
	[
		103.83993,
		1.36976
	],
	[
		103.83957,
		1.3698
	],
	[
		103.83926,
		1.36984
	],
	[
		103.83889,
		1.36986
	],
	[
		103.83846,
		1.36984
	],
	[
		103.8381,
		1.36977
	],
	[
		103.83763,
		1.3696
	],
	[
		103.83725,
		1.36937
	],
	[
		103.83684,
		1.37003
	],
	[
		103.83672,
		1.3703
	],
	[
		103.83668,
		1.37044
	],
	[
		103.83665,
		1.37056
	],
	[
		103.83663,
		1.37062
	],
	[
		103.8366,
		1.37073
	],
	[
		103.83657,
		1.37104
	],
	[
		103.83656,
		1.37121
	],
	[
		103.83658,
		1.37141
	],
	[
		103.83664,
		1.37175
	],
	[
		103.83667,
		1.37183
	],
	[
		103.83722,
		1.37347
	],
	[
		103.83738,
		1.37394
	],
	[
		103.83745,
		1.3741
	],
	[
		103.83745,
		1.37411
	],
	[
		103.83753,
		1.3743
	],
	[
		103.83758,
		1.37437
	],
	[
		103.83767,
		1.3745
	],
	[
		103.83781,
		1.37465
	],
	[
		103.83782,
		1.37465
	],
	[
		103.83804,
		1.37482
	],
	[
		103.83849,
		1.37515
	],
	[
		103.83881,
		1.37537
	],
	[
		103.83903,
		1.37556
	],
	[
		103.83906,
		1.37559
	],
	[
		103.83917,
		1.37571
	],
	[
		103.83928,
		1.37588
	],
	[
		103.83935,
		1.37605
	],
	[
		103.83937,
		1.37607
	],
	[
		103.83937,
		1.3761
	],
	[
		103.83943,
		1.3763
	],
	[
		103.83944,
		1.37638
	],
	[
		103.83956,
		1.37708
	],
	[
		103.8406,
		1.37709
	],
	[
		103.84061,
		1.37709
	],
	[
		103.84065,
		1.37709
	],
	[
		103.84097,
		1.37709
	],
	[
		103.8412,
		1.37711
	],
	[
		103.84332,
		1.37733
	],
	[
		103.8434,
		1.37733
	],
	[
		103.84346,
		1.37734
	],
	[
		103.84432,
		1.37735
	],
	[
		103.84447,
		1.37744
	],
	[
		103.84455,
		1.37752
	],
	[
		103.84461,
		1.37763
	],
	[
		103.84462,
		1.37767
	],
	[
		103.84464,
		1.37776
	],
	[
		103.84454,
		1.37861
	],
	[
		103.84453,
		1.37864
	],
	[
		103.84439,
		1.37976
	],
	[
		103.84303,
		1.37964
	],
	[
		103.84266,
		1.3796
	],
	[
		103.84261,
		1.3796
	],
	[
		103.84211,
		1.37955
	],
	[
		103.842,
		1.37957
	],
	[
		103.8419,
		1.37962
	],
	[
		103.84183,
		1.37971
	],
	[
		103.84144,
		1.38045
	],
	[
		103.84119,
		1.38093
	],
	[
		103.84106,
		1.38119
	],
	[
		103.84103,
		1.38125
	],
	[
		103.84078,
		1.38174
	],
	[
		103.84059,
		1.3821
	],
	[
		103.8405,
		1.38226
	],
	[
		103.84005,
		1.38314
	],
	[
		103.83864,
		1.38228
	],
	[
		103.83821,
		1.38287
	],
	[
		103.8377,
		1.38353
	],
	[
		103.83749,
		1.38357
	],
	[
		103.83748,
		1.38357
	],
	[
		103.83744,
		1.38358
	],
	[
		103.83725,
		1.38358
	],
	[
		103.83707,
		1.38355
	],
	[
		103.83704,
		1.38354
	],
	[
		103.83689,
		1.3835
	],
	[
		103.83606,
		1.38239
	],
	[
		103.83606,
		1.38239
	],
	[
		103.83606,
		1.38239
	],
	[
		103.83565,
		1.38193
	],
	[
		103.83528,
		1.38162
	],
	[
		103.83468,
		1.38123
	],
	[
		103.83462,
		1.38106
	],
	[
		103.83457,
		1.38093
	],
	[
		103.83454,
		1.38072
	],
	[
		103.83452,
		1.38059
	],
	[
		103.83523,
		1.37961
	],
	[
		103.83535,
		1.37945
	],
	[
		103.83538,
		1.37942
	],
	[
		103.83642,
		1.37799
	],
	[
		103.83671,
		1.37766
	],
	[
		103.83704,
		1.3774
	],
	[
		103.83734,
		1.37724
	],
	[
		103.83773,
		1.37711
	],
	[
		103.83783,
		1.3771
	],
	[
		103.83785,
		1.3771
	],
	[
		103.83812,
		1.37708
	],
	[
		103.83956,
		1.37708
	],
	[
		103.83944,
		1.37638
	],
	[
		103.83944,
		1.37636
	],
	[
		103.83943,
		1.3763
	],
	[
		103.83937,
		1.37607
	],
	[
		103.83935,
		1.37605
	],
	[
		103.83928,
		1.37588
	],
	[
		103.83917,
		1.37571
	],
	[
		103.83906,
		1.37559
	],
	[
		103.83903,
		1.37556
	],
	[
		103.83881,
		1.37537
	],
	[
		103.83849,
		1.37515
	],
	[
		103.83804,
		1.37482
	],
	[
		103.83782,
		1.37465
	],
	[
		103.83781,
		1.37465
	],
	[
		103.83767,
		1.3745
	],
	[
		103.83758,
		1.37437
	],
	[
		103.83758,
		1.37437
	],
	[
		103.83753,
		1.3743
	],
	[
		103.83745,
		1.37411
	],
	[
		103.83738,
		1.37394
	],
	[
		103.83722,
		1.37347
	],
	[
		103.83667,
		1.37183
	],
	[
		103.83664,
		1.37175
	],
	[
		103.83658,
		1.37141
	],
	[
		103.83656,
		1.37121
	],
	[
		103.83657,
		1.37104
	],
	[
		103.8366,
		1.37073
	],
	[
		103.83665,
		1.37056
	],
	[
		103.83668,
		1.37045
	],
	[
		103.83668,
		1.37044
	],
	[
		103.83672,
		1.3703
	],
	[
		103.83684,
		1.37003
	],
	[
		103.83725,
		1.36937
	],
	[
		103.83763,
		1.3696
	],
	[
		103.8381,
		1.36977
	],
	[
		103.83846,
		1.36984
	],
	[
		103.83889,
		1.36986
	],
	[
		103.83926,
		1.36984
	],
	[
		103.83957,
		1.3698
	],
	[
		103.83958,
		1.3698
	],
	[
		103.83995,
		1.36975
	],
	[
		103.84083,
		1.36965
	],
	[
		103.8419,
		1.36952
	],
	[
		103.84192,
		1.36952
	],
	[
		103.8427,
		1.36942
	],
	[
		103.84334,
		1.36934
	],
	[
		103.84398,
		1.36926
	],
	[
		103.84498,
		1.36914
	],
	[
		103.84516,
		1.36912
	],
	[
		103.84536,
		1.3691
	],
	[
		103.84536,
		1.3691
	],
	[
		103.84541,
		1.36909
	],
	[
		103.84547,
		1.36908
	],
	[
		103.84547,
		1.36908
	],
	[
		103.8456,
		1.36907
	],
	[
		103.84572,
		1.36905
	],
	[
		103.84616,
		1.369
	],
	[
		103.84617,
		1.369
	],
	[
		103.84685,
		1.36892
	],
	[
		103.84795,
		1.3688
	],
	[
		103.84833,
		1.36878
	],
	[
		103.84891,
		1.36883
	],
	[
		103.84932,
		1.36892
	],
	[
		103.8494,
		1.369
	],
	[
		103.84942,
		1.36903
	],
	[
		103.84949,
		1.36919
	],
	[
		103.8495,
		1.3693
	],
	[
		103.8495,
		1.36934
	],
	[
		103.84947,
		1.36947
	],
	[
		103.84914,
		1.37007
	],
	[
		103.84886,
		1.36991
	],
	[
		103.8485,
		1.36983
	]
]