[
	[
		103.76373,
		1.31429
	],
	[
		103.76345,
		1.31433
	],
	[
		103.76345,
		1.31442
	],
	[
		103.76347,
		1.31466
	],
	[
		103.76354,
		1.31491
	],
	[
		103.76356,
		1.31493
	],
	[
		103.76357,
		1.31496
	],
	[
		103.76365,
		1.3151
	],
	[
		103.7638,
		1.31529
	],
	[
		103.76397,
		1.31544
	],
	[
		103.76405,
		1.3155
	],
	[
		103.76421,
		1.31563
	],
	[
		103.76424,
		1.31565
	],
	[
		103.76425,
		1.31565
	],
	[
		103.76479,
		1.31606
	],
	[
		103.76479,
		1.31606
	],
	[
		103.76486,
		1.31611
	],
	[
		103.76486,
		1.31611
	],
	[
		103.76515,
		1.3163
	],
	[
		103.76532,
		1.31641
	],
	[
		103.76561,
		1.31664
	],
	[
		103.76578,
		1.31684
	],
	[
		103.76582,
		1.31692
	],
	[
		103.76587,
		1.31701
	],
	[
		103.76587,
		1.31701
	],
	[
		103.7659,
		1.31706
	],
	[
		103.76592,
		1.31709
	],
	[
		103.76593,
		1.31712
	],
	[
		103.76599,
		1.31732
	],
	[
		103.76601,
		1.31739
	],
	[
		103.76601,
		1.31783
	],
	[
		103.76602,
		1.3182
	],
	[
		103.76602,
		1.31827
	],
	[
		103.76602,
		1.31827
	],
	[
		103.76602,
		1.31829
	],
	[
		103.76602,
		1.3183
	],
	[
		103.76602,
		1.31857
	],
	[
		103.76604,
		1.31865
	],
	[
		103.76609,
		1.31893
	],
	[
		103.76619,
		1.31916
	],
	[
		103.76631,
		1.31938
	],
	[
		103.76691,
		1.32001
	],
	[
		103.76712,
		1.32022
	],
	[
		103.7674,
		1.3205
	],
	[
		103.76773,
		1.32083
	],
	[
		103.76795,
		1.32106
	],
	[
		103.76773,
		1.32083
	],
	[
		103.76714,
		1.32024
	],
	[
		103.76691,
		1.32001
	],
	[
		103.76664,
		1.31972
	],
	[
		103.76631,
		1.31938
	],
	[
		103.76619,
		1.31916
	],
	[
		103.76609,
		1.31893
	],
	[
		103.76604,
		1.31865
	],
	[
		103.76602,
		1.31857
	],
	[
		103.76602,
		1.3182
	],
	[
		103.76601,
		1.31783
	],
	[
		103.76601,
		1.31739
	],
	[
		103.76599,
		1.31732
	],
	[
		103.76593,
		1.31712
	],
	[
		103.76592,
		1.31709
	],
	[
		103.7659,
		1.31706
	],
	[
		103.76587,
		1.31701
	],
	[
		103.76587,
		1.31701
	],
	[
		103.76582,
		1.31692
	],
	[
		103.76578,
		1.31684
	],
	[
		103.76561,
		1.31664
	],
	[
		103.76532,
		1.31641
	],
	[
		103.76515,
		1.3163
	],
	[
		103.76486,
		1.31611
	],
	[
		103.76486,
		1.31611
	],
	[
		103.76479,
		1.31606
	],
	[
		103.76479,
		1.31606
	],
	[
		103.76425,
		1.31565
	],
	[
		103.76452,
		1.31525
	]
]