[
	[
		103.987838,
		1.389487
	],
	[
		103.987343,
		1.388942
	],
	[
		103.985734,
		1.3875
	],
	[
		103.982021,
		1.387686
	],
	[
		103.979593,
		1.386641
	],
	[
		103.978449,
		1.383709
	],
	[
		103.978701,
		1.37859
	],
	[
		103.976779,
		1.37571
	],
	[
		103.976439,
		1.373182
	],
	[
		103.980081,
		1.370821
	],
	[
		103.977584,
		1.368106
	],
	[
		103.975287,
		1.365157
	],
	[
		103.973316,
		1.362294
	],
	[
		103.970972,
		1.360751
	],
	[
		103.969739,
		1.358179
	],
	[
		103.968941,
		1.355352
	],
	[
		103.965441,
		1.352923
	],
	[
		103.963112,
		1.34665
	],
	[
		103.962179,
		1.343513
	],
	[
		103.961433,
		1.340874
	],
	[
		103.960499,
		1.338494
	],
	[
		103.957861,
		1.336665
	],
	[
		103.955947,
		1.336465
	],
	[
		103.953539,
		1.335421
	],
	[
		103.950152,
		1.333949
	],
	[
		103.948803,
		1.33338
	],
	[
		103.94738,
		1.3318
	],
	[
		103.949066,
		1.329502
	],
	[
		103.94646,
		1.326844
	],
	[
		103.94219,
		1.325487
	],
	[
		103.939535,
		1.324935
	],
	[
		103.934712,
		1.324327
	],
	[
		103.928863,
		1.323536
	]
]