[
	[
		103.74553,
		1.38606
	],
	[
		103.74551,
		1.38643
	],
	[
		103.74507,
		1.38641
	],
	[
		103.74405,
		1.38635
	],
	[
		103.74367,
		1.38634
	],
	[
		103.7435,
		1.38628
	],
	[
		103.74343,
		1.38622
	],
	[
		103.74339,
		1.38618
	],
	[
		103.74313,
		1.38588
	],
	[
		103.7431,
		1.38585
	],
	[
		103.74303,
		1.38574
	],
	[
		103.743,
		1.38562
	],
	[
		103.74303,
		1.38555
	],
	[
		103.74313,
		1.38521
	],
	[
		103.74324,
		1.38484
	],
	[
		103.74327,
		1.38474
	],
	[
		103.7433,
		1.38466
	],
	[
		103.74347,
		1.38408
	],
	[
		103.74355,
		1.3841
	],
	[
		103.74403,
		1.38422
	],
	[
		103.7442,
		1.38428
	],
	[
		103.74425,
		1.38429
	],
	[
		103.74447,
		1.38436
	],
	[
		103.7445,
		1.38437
	],
	[
		103.74488,
		1.38449
	],
	[
		103.74505,
		1.38455
	],
	[
		103.74535,
		1.38464
	],
	[
		103.74552,
		1.38469
	],
	[
		103.74586,
		1.3848
	],
	[
		103.74598,
		1.38484
	],
	[
		103.74615,
		1.38504
	],
	[
		103.74623,
		1.38523
	],
	[
		103.74621,
		1.38532
	],
	[
		103.74618,
		1.38544
	],
	[
		103.74615,
		1.38558
	],
	[
		103.74612,
		1.38586
	],
	[
		103.74612,
		1.3859
	],
	[
		103.74613,
		1.38646
	],
	[
		103.74613,
		1.3866
	],
	[
		103.74613,
		1.38705
	],
	[
		103.74611,
		1.38715
	],
	[
		103.74606,
		1.38747
	],
	[
		103.74603,
		1.38764
	],
	[
		103.74603,
		1.38765
	],
	[
		103.74603,
		1.38766
	],
	[
		103.74603,
		1.38766
	],
	[
		103.74598,
		1.388
	],
	[
		103.74578,
		1.38886
	],
	[
		103.74571,
		1.38909
	],
	[
		103.74567,
		1.38922
	],
	[
		103.74564,
		1.38931
	],
	[
		103.74562,
		1.38938
	],
	[
		103.74555,
		1.38958
	],
	[
		103.74548,
		1.38981
	],
	[
		103.7452,
		1.39065
	],
	[
		103.74513,
		1.3909
	],
	[
		103.74512,
		1.39095
	],
	[
		103.74508,
		1.39108
	],
	[
		103.74505,
		1.39127
	],
	[
		103.74503,
		1.3914
	],
	[
		103.74504,
		1.39146
	],
	[
		103.74507,
		1.39192
	],
	[
		103.74507,
		1.39199
	],
	[
		103.74529,
		1.39211
	],
	[
		103.74542,
		1.39213
	],
	[
		103.74602,
		1.392
	],
	[
		103.74612,
		1.39199
	],
	[
		103.74645,
		1.39194
	],
	[
		103.74652,
		1.39193
	],
	[
		103.74658,
		1.39193
	],
	[
		103.74664,
		1.39193
	],
	[
		103.74665,
		1.39193
	],
	[
		103.74677,
		1.39192
	],
	[
		103.74679,
		1.39192
	],
	[
		103.74683,
		1.39192
	],
	[
		103.74724,
		1.39193
	],
	[
		103.74832,
		1.39206
	],
	[
		103.74894,
		1.39214
	],
	[
		103.74936,
		1.39222
	],
	[
		103.74957,
		1.3923
	],
	[
		103.7498,
		1.39239
	],
	[
		103.75,
		1.39247
	],
	[
		103.75006,
		1.39249
	],
	[
		103.75011,
		1.39251
	],
	[
		103.75012,
		1.39251
	],
	[
		103.75035,
		1.3926
	],
	[
		103.75077,
		1.39267
	],
	[
		103.75096,
		1.3927
	],
	[
		103.75114,
		1.39273
	],
	[
		103.75157,
		1.3928
	],
	[
		103.75174,
		1.39288
	],
	[
		103.75189,
		1.393
	],
	[
		103.752,
		1.39315
	],
	[
		103.75208,
		1.39332
	],
	[
		103.75211,
		1.3935
	],
	[
		103.75211,
		1.39368
	],
	[
		103.75203,
		1.39416
	],
	[
		103.75197,
		1.3946
	],
	[
		103.75196,
		1.39464
	],
	[
		103.75187,
		1.39525
	],
	[
		103.75186,
		1.39526
	],
	[
		103.75186,
		1.39532
	],
	[
		103.75185,
		1.39538
	],
	[
		103.75177,
		1.39589
	],
	[
		103.75172,
		1.39604
	],
	[
		103.75164,
		1.39618
	],
	[
		103.75153,
		1.39629
	],
	[
		103.7514,
		1.39637
	],
	[
		103.75125,
		1.39642
	],
	[
		103.75109,
		1.39642
	],
	[
		103.75019,
		1.39634
	],
	[
		103.74962,
		1.39629
	],
	[
		103.74949,
		1.39628
	],
	[
		103.74944,
		1.39627
	],
	[
		103.74941,
		1.39627
	],
	[
		103.74899,
		1.39623
	],
	[
		103.74892,
		1.39623
	],
	[
		103.7487,
		1.39623
	],
	[
		103.74853,
		1.39622
	],
	[
		103.74809,
		1.39625
	],
	[
		103.74777,
		1.39631
	],
	[
		103.7477,
		1.39632
	],
	[
		103.74744,
		1.39637
	],
	[
		103.74747,
		1.39647
	],
	[
		103.74751,
		1.3966
	],
	[
		103.74752,
		1.39665
	],
	[
		103.74765,
		1.3971
	],
	[
		103.74772,
		1.39736
	],
	[
		103.74777,
		1.39755
	],
	[
		103.74779,
		1.39761
	],
	[
		103.7478,
		1.39765
	],
	[
		103.74787,
		1.3979
	],
	[
		103.74795,
		1.3982
	],
	[
		103.74789,
		1.39843
	],
	[
		103.74778,
		1.39858
	],
	[
		103.7477,
		1.3986
	],
	[
		103.74743,
		1.39867
	],
	[
		103.747,
		1.39879
	],
	[
		103.74666,
		1.39888
	],
	[
		103.74627,
		1.39899
	],
	[
		103.74605,
		1.39905
	],
	[
		103.74603,
		1.39905
	],
	[
		103.746,
		1.39906
	],
	[
		103.74591,
		1.39907
	],
	[
		103.74574,
		1.39907
	],
	[
		103.74557,
		1.39902
	],
	[
		103.74542,
		1.39893
	],
	[
		103.74534,
		1.39885
	],
	[
		103.74529,
		1.3988
	],
	[
		103.74521,
		1.39863
	],
	[
		103.74518,
		1.39845
	],
	[
		103.74519,
		1.39832
	],
	[
		103.74524,
		1.39815
	],
	[
		103.74533,
		1.39798
	],
	[
		103.74543,
		1.39778
	],
	[
		103.74547,
		1.39768
	],
	[
		103.74549,
		1.39757
	],
	[
		103.74549,
		1.39733
	],
	[
		103.74548,
		1.39731
	],
	[
		103.74548,
		1.39708
	],
	[
		103.74547,
		1.39667
	],
	[
		103.74593,
		1.39665
	],
	[
		103.74622,
		1.39662
	],
	[
		103.74641,
		1.39659
	],
	[
		103.74715,
		1.39644
	],
	[
		103.74744,
		1.39637
	],
	[
		103.7477,
		1.39632
	],
	[
		103.74777,
		1.39631
	],
	[
		103.74809,
		1.39625
	],
	[
		103.74853,
		1.39622
	],
	[
		103.7487,
		1.39623
	],
	[
		103.74892,
		1.39623
	],
	[
		103.74899,
		1.39623
	],
	[
		103.74941,
		1.39627
	],
	[
		103.74944,
		1.39627
	],
	[
		103.74949,
		1.39628
	],
	[
		103.74962,
		1.39629
	],
	[
		103.75019,
		1.39634
	],
	[
		103.75109,
		1.39642
	],
	[
		103.75125,
		1.39642
	],
	[
		103.7514,
		1.39637
	],
	[
		103.75153,
		1.39629
	],
	[
		103.75164,
		1.39618
	],
	[
		103.75172,
		1.39604
	],
	[
		103.75177,
		1.39589
	],
	[
		103.75185,
		1.39538
	],
	[
		103.75186,
		1.39532
	],
	[
		103.75186,
		1.39526
	],
	[
		103.75187,
		1.39525
	],
	[
		103.75196,
		1.39464
	],
	[
		103.75197,
		1.3946
	],
	[
		103.75203,
		1.39416
	],
	[
		103.75211,
		1.39368
	],
	[
		103.75211,
		1.3935
	],
	[
		103.75208,
		1.39332
	],
	[
		103.752,
		1.39315
	],
	[
		103.75189,
		1.393
	],
	[
		103.75174,
		1.39288
	],
	[
		103.75157,
		1.3928
	],
	[
		103.75114,
		1.39273
	],
	[
		103.75096,
		1.3927
	],
	[
		103.75077,
		1.39267
	],
	[
		103.75035,
		1.3926
	],
	[
		103.75012,
		1.39251
	],
	[
		103.75011,
		1.39251
	],
	[
		103.75006,
		1.39249
	],
	[
		103.75,
		1.39247
	],
	[
		103.7498,
		1.39239
	],
	[
		103.74957,
		1.3923
	],
	[
		103.74936,
		1.39222
	],
	[
		103.74894,
		1.39214
	],
	[
		103.74832,
		1.39206
	],
	[
		103.74724,
		1.39193
	],
	[
		103.74683,
		1.39192
	],
	[
		103.74679,
		1.39192
	],
	[
		103.74677,
		1.39192
	],
	[
		103.74665,
		1.39193
	],
	[
		103.74664,
		1.39193
	],
	[
		103.74658,
		1.39193
	],
	[
		103.74652,
		1.39193
	],
	[
		103.74645,
		1.39194
	],
	[
		103.74612,
		1.39199
	],
	[
		103.74602,
		1.392
	],
	[
		103.74542,
		1.39213
	],
	[
		103.7451,
		1.39222
	],
	[
		103.74509,
		1.39213
	],
	[
		103.74507,
		1.39199
	],
	[
		103.74507,
		1.39192
	],
	[
		103.74504,
		1.39146
	],
	[
		103.74503,
		1.3914
	],
	[
		103.74505,
		1.39127
	],
	[
		103.74508,
		1.39108
	],
	[
		103.74512,
		1.39095
	],
	[
		103.74513,
		1.3909
	],
	[
		103.7452,
		1.39065
	],
	[
		103.74548,
		1.38981
	],
	[
		103.74555,
		1.38958
	],
	[
		103.74562,
		1.38938
	],
	[
		103.74564,
		1.38931
	],
	[
		103.74567,
		1.38922
	],
	[
		103.74571,
		1.38909
	],
	[
		103.74578,
		1.38886
	],
	[
		103.74598,
		1.388
	],
	[
		103.74603,
		1.38766
	],
	[
		103.74603,
		1.38766
	],
	[
		103.74603,
		1.38765
	],
	[
		103.74603,
		1.38764
	],
	[
		103.74606,
		1.38747
	],
	[
		103.74611,
		1.38715
	],
	[
		103.74613,
		1.38705
	],
	[
		103.74613,
		1.3866
	],
	[
		103.74613,
		1.38646
	],
	[
		103.74612,
		1.3859
	],
	[
		103.74612,
		1.38586
	],
	[
		103.74615,
		1.38558
	],
	[
		103.74618,
		1.38544
	],
	[
		103.74621,
		1.38532
	],
	[
		103.74623,
		1.38523
	],
	[
		103.74626,
		1.38515
	],
	[
		103.74629,
		1.38507
	],
	[
		103.7463,
		1.38504
	],
	[
		103.74633,
		1.38495
	],
	[
		103.74616,
		1.38489
	],
	[
		103.74598,
		1.38484
	],
	[
		103.74586,
		1.3848
	],
	[
		103.74552,
		1.38469
	],
	[
		103.74535,
		1.38464
	],
	[
		103.74505,
		1.38455
	],
	[
		103.74488,
		1.38449
	],
	[
		103.7445,
		1.38437
	],
	[
		103.74447,
		1.38436
	],
	[
		103.74425,
		1.38429
	],
	[
		103.74403,
		1.38422
	],
	[
		103.74355,
		1.3841
	],
	[
		103.74347,
		1.38408
	],
	[
		103.7434,
		1.38405
	],
	[
		103.7431,
		1.38392
	],
	[
		103.74277,
		1.38373
	],
	[
		103.74272,
		1.38368
	],
	[
		103.74265,
		1.38346
	],
	[
		103.74287,
		1.38254
	],
	[
		103.74289,
		1.38247
	],
	[
		103.74298,
		1.38211
	],
	[
		103.74304,
		1.38192
	],
	[
		103.74311,
		1.38179
	],
	[
		103.74337,
		1.38169
	],
	[
		103.74358,
		1.38166
	],
	[
		103.74367,
		1.38172
	],
	[
		103.74455,
		1.38229
	],
	[
		103.74463,
		1.38234
	],
	[
		103.74486,
		1.38201
	],
	[
		103.745,
		1.38191
	],
	[
		103.74504,
		1.38188
	],
	[
		103.74523,
		1.38179
	],
	[
		103.74528,
		1.38177
	],
	[
		103.74532,
		1.38175
	],
	[
		103.74576,
		1.38155
	],
	[
		103.74701,
		1.38099
	],
	[
		103.74737,
		1.38083
	],
	[
		103.74774,
		1.38066
	],
	[
		103.74805,
		1.38052
	],
	[
		103.74808,
		1.38051
	],
	[
		103.74826,
		1.38043
	],
	[
		103.74857,
		1.38029
	],
	[
		103.74921,
		1.38
	],
	[
		103.74941,
		1.38044
	],
	[
		103.74943,
		1.38049
	],
	[
		103.7495,
		1.38065
	],
	[
		103.7496,
		1.38086
	],
	[
		103.74965,
		1.38099
	],
	[
		103.74981,
		1.38135
	],
	[
		103.75005,
		1.38188
	],
	[
		103.75017,
		1.38214
	],
	[
		103.75026,
		1.3821
	],
	[
		103.75044,
		1.38202
	],
	[
		103.75082,
		1.38185
	],
	[
		103.75128,
		1.38169
	],
	[
		103.75144,
		1.38163
	],
	[
		103.75145,
		1.38163
	],
	[
		103.75171,
		1.38161
	],
	[
		103.75192,
		1.38164
	],
	[
		103.75214,
		1.38168
	],
	[
		103.75235,
		1.38172
	],
	[
		103.75259,
		1.3817
	],
	[
		103.7532,
		1.3815
	],
	[
		103.7538,
		1.38129
	],
	[
		103.75393,
		1.38124
	],
	[
		103.75371,
		1.3806
	],
	[
		103.75368,
		1.38051
	],
	[
		103.75357,
		1.3802
	],
	[
		103.75355,
		1.38004
	],
	[
		103.75421,
		1.37981
	],
	[
		103.75428,
		1.37979
	],
	[
		103.75431,
		1.37978
	],
	[
		103.75501,
		1.37953
	],
	[
		103.75519,
		1.37942
	],
	[
		103.75528,
		1.37931
	],
	[
		103.75532,
		1.37917
	],
	[
		103.75536,
		1.37876
	],
	[
		103.75535,
		1.37862
	],
	[
		103.75532,
		1.37856
	],
	[
		103.75508,
		1.37825
	],
	[
		103.75506,
		1.37823
	],
	[
		103.75501,
		1.37819
	],
	[
		103.75465,
		1.37814
	],
	[
		103.75404,
		1.37808
	],
	[
		103.75392,
		1.3781
	],
	[
		103.75391,
		1.37811
	],
	[
		103.75391,
		1.37811
	],
	[
		103.75379,
		1.37816
	],
	[
		103.75333,
		1.37852
	],
	[
		103.75324,
		1.37855
	],
	[
		103.75323,
		1.37855
	],
	[
		103.7528,
		1.37852
	],
	[
		103.7527,
		1.37855
	],
	[
		103.75261,
		1.37866
	],
	[
		103.75259,
		1.37888
	],
	[
		103.75251,
		1.37969
	],
	[
		103.75293,
		1.37974
	],
	[
		103.75323,
		1.37978
	],
	[
		103.75328,
		1.3798
	],
	[
		103.75338,
		1.37984
	],
	[
		103.75355,
		1.38004
	],
	[
		103.75357,
		1.3802
	],
	[
		103.75368,
		1.38051
	],
	[
		103.75371,
		1.3806
	],
	[
		103.75381,
		1.38089
	],
	[
		103.75393,
		1.38124
	],
	[
		103.75384,
		1.38128
	],
	[
		103.7538,
		1.38129
	],
	[
		103.7537,
		1.38132
	],
	[
		103.7532,
		1.3815
	],
	[
		103.75259,
		1.3817
	],
	[
		103.75235,
		1.38172
	],
	[
		103.75214,
		1.38168
	],
	[
		103.75192,
		1.38164
	],
	[
		103.75184,
		1.38163
	],
	[
		103.75171,
		1.38161
	],
	[
		103.75145,
		1.38163
	],
	[
		103.75144,
		1.38163
	],
	[
		103.75128,
		1.38169
	],
	[
		103.75082,
		1.38185
	],
	[
		103.75044,
		1.38202
	],
	[
		103.75024,
		1.382
	],
	[
		103.75016,
		1.38197
	],
	[
		103.75005,
		1.38188
	],
	[
		103.74981,
		1.38135
	],
	[
		103.74965,
		1.38099
	],
	[
		103.74965,
		1.38098
	],
	[
		103.7496,
		1.38086
	],
	[
		103.7495,
		1.38065
	],
	[
		103.74943,
		1.38049
	],
	[
		103.74941,
		1.38044
	],
	[
		103.74921,
		1.38
	],
	[
		103.74857,
		1.38029
	],
	[
		103.74826,
		1.38043
	],
	[
		103.74808,
		1.38051
	],
	[
		103.74805,
		1.38052
	],
	[
		103.74774,
		1.38066
	],
	[
		103.74737,
		1.38083
	],
	[
		103.74701,
		1.38099
	],
	[
		103.74576,
		1.38155
	],
	[
		103.74532,
		1.38175
	],
	[
		103.74528,
		1.38177
	],
	[
		103.74523,
		1.38179
	],
	[
		103.74504,
		1.38188
	],
	[
		103.745,
		1.38191
	],
	[
		103.74486,
		1.38201
	],
	[
		103.74463,
		1.38234
	],
	[
		103.74455,
		1.38229
	],
	[
		103.74367,
		1.38172
	],
	[
		103.74358,
		1.38166
	],
	[
		103.74343,
		1.38155
	],
	[
		103.74333,
		1.38148
	],
	[
		103.74326,
		1.38157
	],
	[
		103.74314,
		1.38175
	],
	[
		103.74311,
		1.38179
	],
	[
		103.74304,
		1.38192
	],
	[
		103.74298,
		1.38211
	],
	[
		103.74289,
		1.38247
	],
	[
		103.74287,
		1.38254
	],
	[
		103.74265,
		1.38346
	],
	[
		103.74264,
		1.38353
	],
	[
		103.7426,
		1.38371
	],
	[
		103.74258,
		1.38382
	],
	[
		103.74271,
		1.38384
	],
	[
		103.74301,
		1.38391
	],
	[
		103.7431,
		1.38392
	],
	[
		103.7434,
		1.38405
	],
	[
		103.74347,
		1.38408
	],
	[
		103.7433,
		1.38466
	],
	[
		103.74327,
		1.38474
	],
	[
		103.74324,
		1.38484
	],
	[
		103.74313,
		1.38521
	],
	[
		103.74303,
		1.38555
	],
	[
		103.743,
		1.38562
	],
	[
		103.74303,
		1.38574
	],
	[
		103.7431,
		1.38585
	],
	[
		103.74313,
		1.38588
	],
	[
		103.74339,
		1.38618
	],
	[
		103.74343,
		1.38622
	],
	[
		103.7435,
		1.38628
	],
	[
		103.74367,
		1.38634
	],
	[
		103.74405,
		1.38635
	],
	[
		103.74507,
		1.38641
	],
	[
		103.74551,
		1.38643
	],
	[
		103.74553,
		1.38606
	]
]