[
	[
		103.94294,
		1.35413
	],
	[
		103.94297,
		1.35454
	],
	[
		103.943,
		1.35468
	],
	[
		103.94319,
		1.35488
	],
	[
		103.94313,
		1.35503
	],
	[
		103.94289,
		1.35525
	],
	[
		103.94306,
		1.35542
	],
	[
		103.94324,
		1.3555
	],
	[
		103.94344,
		1.35552
	],
	[
		103.94408,
		1.35552
	],
	[
		103.94408,
		1.35673
	],
	[
		103.94422,
		1.35673
	],
	[
		103.94477,
		1.35673
	],
	[
		103.94536,
		1.35672
	],
	[
		103.94609,
		1.35672
	],
	[
		103.94612,
		1.35672
	],
	[
		103.94628,
		1.35673
	],
	[
		103.94643,
		1.35675
	],
	[
		103.94645,
		1.35675
	],
	[
		103.94767,
		1.35674
	],
	[
		103.94797,
		1.35674
	],
	[
		103.94974,
		1.35673
	],
	[
		103.95006,
		1.35671
	],
	[
		103.95025,
		1.35669
	],
	[
		103.95037,
		1.35667
	],
	[
		103.95091,
		1.3566
	],
	[
		103.95091,
		1.35659
	],
	[
		103.95116,
		1.35656
	],
	[
		103.95116,
		1.35656
	],
	[
		103.95175,
		1.35647
	],
	[
		103.95189,
		1.35645
	],
	[
		103.95201,
		1.35644
	],
	[
		103.95303,
		1.3563
	],
	[
		103.9535,
		1.35628
	],
	[
		103.9535,
		1.35628
	],
	[
		103.9539,
		1.35627
	],
	[
		103.9539,
		1.35627
	],
	[
		103.95419,
		1.35626
	],
	[
		103.95498,
		1.35625
	],
	[
		103.95528,
		1.35625
	],
	[
		103.95547,
		1.35625
	],
	[
		103.95561,
		1.35625
	],
	[
		103.95598,
		1.35624
	],
	[
		103.95668,
		1.35628
	],
	[
		103.95683,
		1.35631
	],
	[
		103.95698,
		1.35635
	],
	[
		103.95727,
		1.35647
	],
	[
		103.95743,
		1.35657
	],
	[
		103.95747,
		1.35661
	],
	[
		103.95766,
		1.35673
	],
	[
		103.95834,
		1.35738
	],
	[
		103.95849,
		1.35757
	],
	[
		103.95871,
		1.3578
	],
	[
		103.95926,
		1.35835
	],
	[
		103.95927,
		1.35836
	],
	[
		103.95938,
		1.35847
	],
	[
		103.96046,
		1.35956
	],
	[
		103.96094,
		1.36004
	],
	[
		103.96114,
		1.36025
	],
	[
		103.96148,
		1.36014
	],
	[
		103.96173,
		1.35995
	],
	[
		103.962,
		1.35955
	],
	[
		103.9622,
		1.35915
	],
	[
		103.96243,
		1.35858
	],
	[
		103.96257,
		1.35815
	],
	[
		103.96275,
		1.35759
	],
	[
		103.96353,
		1.3552
	],
	[
		103.96384,
		1.35451
	],
	[
		103.96412,
		1.35382
	],
	[
		103.96426,
		1.35334
	],
	[
		103.96439,
		1.35275
	],
	[
		103.96464,
		1.35282
	],
	[
		103.96479,
		1.35287
	],
	[
		103.9649,
		1.3529
	],
	[
		103.9654,
		1.35305
	],
	[
		103.96555,
		1.35309
	],
	[
		103.96599,
		1.35322
	],
	[
		103.96644,
		1.35336
	],
	[
		103.9674,
		1.35365
	],
	[
		103.96761,
		1.35296
	],
	[
		103.96778,
		1.35242
	],
	[
		103.96784,
		1.35227
	],
	[
		103.96792,
		1.35207
	],
	[
		103.96804,
		1.35185
	],
	[
		103.96807,
		1.3518
	],
	[
		103.96833,
		1.35144
	],
	[
		103.96859,
		1.35108
	],
	[
		103.9687,
		1.35094
	],
	[
		103.96836,
		1.35069
	],
	[
		103.96811,
		1.35049
	],
	[
		103.96774,
		1.35022
	],
	[
		103.96735,
		1.34992
	],
	[
		103.967,
		1.34965
	],
	[
		103.96647,
		1.34923
	],
	[
		103.96635,
		1.34891
	],
	[
		103.96641,
		1.34865
	],
	[
		103.96708,
		1.34784
	],
	[
		103.96751,
		1.34712
	],
	[
		103.96751,
		1.34712
	],
	[
		103.9676,
		1.34699
	],
	[
		103.96826,
		1.34589
	],
	[
		103.96855,
		1.34548
	],
	[
		103.96875,
		1.3452
	],
	[
		103.96887,
		1.34508
	],
	[
		103.96908,
		1.34501
	],
	[
		103.96932,
		1.34502
	],
	[
		103.96948,
		1.34516
	],
	[
		103.96974,
		1.34538
	],
	[
		103.96999,
		1.3456
	],
	[
		103.97099,
		1.34645
	],
	[
		103.97119,
		1.34662
	],
	[
		103.97142,
		1.34681
	],
	[
		103.97197,
		1.34728
	],
	[
		103.97209,
		1.34747
	],
	[
		103.9722,
		1.34783
	],
	[
		103.97142,
		1.34681
	],
	[
		103.97197,
		1.34728
	],
	[
		103.97209,
		1.34747
	],
	[
		103.9722,
		1.34783
	],
	[
		103.97254,
		1.34899
	],
	[
		103.97142,
		1.34681
	],
	[
		103.97119,
		1.34662
	],
	[
		103.97099,
		1.34645
	],
	[
		103.96999,
		1.3456
	],
	[
		103.96974,
		1.34538
	],
	[
		103.96948,
		1.34516
	],
	[
		103.96932,
		1.34502
	],
	[
		103.96899,
		1.34491
	],
	[
		103.96875,
		1.34494
	],
	[
		103.96868,
		1.34521
	],
	[
		103.96855,
		1.34548
	],
	[
		103.96826,
		1.34589
	],
	[
		103.9676,
		1.34699
	],
	[
		103.96751,
		1.34712
	],
	[
		103.96708,
		1.34784
	],
	[
		103.96641,
		1.34865
	],
	[
		103.96635,
		1.34891
	],
	[
		103.96647,
		1.34923
	],
	[
		103.967,
		1.34965
	],
	[
		103.96735,
		1.34992
	],
	[
		103.96774,
		1.35022
	],
	[
		103.96811,
		1.35049
	],
	[
		103.96835,
		1.35067
	],
	[
		103.9687,
		1.35094
	],
	[
		103.96859,
		1.35108
	],
	[
		103.96833,
		1.35144
	],
	[
		103.96807,
		1.3518
	],
	[
		103.96804,
		1.35185
	],
	[
		103.96792,
		1.35207
	],
	[
		103.96784,
		1.35227
	],
	[
		103.96778,
		1.35242
	],
	[
		103.96761,
		1.35296
	],
	[
		103.9674,
		1.35365
	],
	[
		103.96644,
		1.35336
	],
	[
		103.96599,
		1.35322
	],
	[
		103.96555,
		1.35309
	],
	[
		103.9654,
		1.35305
	],
	[
		103.9649,
		1.3529
	],
	[
		103.96479,
		1.35287
	],
	[
		103.96464,
		1.35282
	],
	[
		103.96439,
		1.35275
	],
	[
		103.96421,
		1.35269
	],
	[
		103.96405,
		1.35265
	],
	[
		103.96379,
		1.35351
	],
	[
		103.96354,
		1.35434
	],
	[
		103.96337,
		1.35503
	],
	[
		103.96256,
		1.35754
	],
	[
		103.96147,
		1.35917
	],
	[
		103.96125,
		1.35943
	],
	[
		103.96109,
		1.35953
	],
	[
		103.9609,
		1.35957
	],
	[
		103.96046,
		1.35956
	],
	[
		103.95938,
		1.35847
	],
	[
		103.95927,
		1.35836
	],
	[
		103.95871,
		1.3578
	],
	[
		103.95849,
		1.35757
	],
	[
		103.95834,
		1.35738
	],
	[
		103.95766,
		1.35673
	],
	[
		103.95747,
		1.35661
	],
	[
		103.95743,
		1.35657
	],
	[
		103.95727,
		1.35647
	],
	[
		103.95698,
		1.35635
	],
	[
		103.95683,
		1.35631
	],
	[
		103.95668,
		1.35628
	],
	[
		103.95598,
		1.35624
	],
	[
		103.95561,
		1.35625
	],
	[
		103.95547,
		1.35625
	],
	[
		103.95528,
		1.35625
	],
	[
		103.95498,
		1.35625
	],
	[
		103.95419,
		1.35626
	],
	[
		103.9539,
		1.35627
	],
	[
		103.9539,
		1.35627
	],
	[
		103.9535,
		1.35628
	],
	[
		103.9535,
		1.35628
	],
	[
		103.95303,
		1.3563
	],
	[
		103.95201,
		1.35644
	],
	[
		103.95189,
		1.35645
	],
	[
		103.95175,
		1.35647
	],
	[
		103.95116,
		1.35656
	],
	[
		103.95116,
		1.35656
	],
	[
		103.95091,
		1.35659
	],
	[
		103.95091,
		1.3566
	],
	[
		103.95037,
		1.35667
	],
	[
		103.95025,
		1.35669
	],
	[
		103.95006,
		1.35671
	],
	[
		103.94974,
		1.35673
	],
	[
		103.94797,
		1.35674
	],
	[
		103.94767,
		1.35674
	],
	[
		103.94645,
		1.35675
	],
	[
		103.94643,
		1.35675
	],
	[
		103.94628,
		1.35673
	],
	[
		103.94612,
		1.35672
	],
	[
		103.94609,
		1.35672
	],
	[
		103.94536,
		1.35672
	],
	[
		103.94477,
		1.35673
	],
	[
		103.94422,
		1.35673
	],
	[
		103.94408,
		1.35673
	],
	[
		103.94408,
		1.35552
	],
	[
		103.9441,
		1.35542
	],
	[
		103.9441,
		1.35535
	],
	[
		103.94406,
		1.35527
	],
	[
		103.94398,
		1.35522
	],
	[
		103.9434,
		1.35497
	],
	[
		103.94349,
		1.35481
	],
	[
		103.94359,
		1.35467
	],
	[
		103.94362,
		1.35454
	]
]