[
	[
		103.89643,
		1.39138
	],
	[
		103.89666,
		1.39131
	],
	[
		103.89654,
		1.39095
	],
	[
		103.8964,
		1.39053
	],
	[
		103.89642,
		1.39041
	],
	[
		103.89644,
		1.39031
	],
	[
		103.89651,
		1.39016
	],
	[
		103.89653,
		1.39014
	],
	[
		103.89664,
		1.39001
	],
	[
		103.89676,
		1.38996
	],
	[
		103.89683,
		1.38994
	],
	[
		103.89695,
		1.38989
	],
	[
		103.89708,
		1.38992
	],
	[
		103.89709,
		1.38993
	],
	[
		103.89712,
		1.38994
	],
	[
		103.89725,
		1.39
	],
	[
		103.89729,
		1.39004
	],
	[
		103.89735,
		1.39011
	],
	[
		103.89751,
		1.39056
	],
	[
		103.89752,
		1.39057
	],
	[
		103.89785,
		1.39153
	],
	[
		103.89796,
		1.39185
	],
	[
		103.898,
		1.39197
	],
	[
		103.89808,
		1.3922
	],
	[
		103.89837,
		1.393
	],
	[
		103.89842,
		1.39315
	],
	[
		103.89863,
		1.39372
	],
	[
		103.89868,
		1.39387
	],
	[
		103.89894,
		1.3946
	],
	[
		103.89903,
		1.39483
	],
	[
		103.89907,
		1.39495
	],
	[
		103.89923,
		1.39492
	],
	[
		103.89946,
		1.39487
	],
	[
		103.90016,
		1.39463
	],
	[
		103.90036,
		1.39455
	],
	[
		103.90042,
		1.39453
	],
	[
		103.90042,
		1.39453
	],
	[
		103.90103,
		1.3943
	],
	[
		103.90128,
		1.39422
	],
	[
		103.9014,
		1.39418
	],
	[
		103.90154,
		1.39412
	],
	[
		103.90188,
		1.39399
	],
	[
		103.90229,
		1.39384
	],
	[
		103.90282,
		1.39366
	],
	[
		103.90295,
		1.39361
	],
	[
		103.90321,
		1.39348
	],
	[
		103.90358,
		1.39331
	],
	[
		103.90366,
		1.39327
	],
	[
		103.90381,
		1.39318
	],
	[
		103.9039,
		1.39313
	],
	[
		103.90395,
		1.3931
	],
	[
		103.90414,
		1.39298
	],
	[
		103.90456,
		1.3927
	],
	[
		103.90468,
		1.3926
	],
	[
		103.90506,
		1.3923
	],
	[
		103.90514,
		1.39224
	],
	[
		103.90532,
		1.39207
	],
	[
		103.90544,
		1.39196
	],
	[
		103.90551,
		1.39189
	],
	[
		103.90589,
		1.39153
	],
	[
		103.9063,
		1.39107
	],
	[
		103.9063,
		1.39107
	],
	[
		103.90649,
		1.39086
	],
	[
		103.90665,
		1.39061
	],
	[
		103.90676,
		1.39033
	],
	[
		103.90679,
		1.39019
	],
	[
		103.90682,
		1.38989
	],
	[
		103.9068,
		1.38975
	],
	[
		103.90678,
		1.3896
	],
	[
		103.90677,
		1.38956
	],
	[
		103.90671,
		1.38944
	],
	[
		103.90665,
		1.38935
	],
	[
		103.90706,
		1.38905
	],
	[
		103.90752,
		1.38871
	],
	[
		103.90759,
		1.38866
	],
	[
		103.90773,
		1.38859
	],
	[
		103.90779,
		1.38856
	],
	[
		103.90802,
		1.38851
	],
	[
		103.90821,
		1.38852
	],
	[
		103.90836,
		1.38855
	],
	[
		103.90859,
		1.38863
	],
	[
		103.90885,
		1.38879
	],
	[
		103.90905,
		1.38892
	],
	[
		103.90918,
		1.38904
	],
	[
		103.90921,
		1.38911
	],
	[
		103.90925,
		1.38919
	],
	[
		103.90928,
		1.38933
	],
	[
		103.90926,
		1.38947
	],
	[
		103.90921,
		1.38962
	],
	[
		103.9091,
		1.38981
	],
	[
		103.90898,
		1.38996
	],
	[
		103.90846,
		1.39055
	],
	[
		103.90791,
		1.39114
	],
	[
		103.90742,
		1.39166
	],
	[
		103.90711,
		1.39199
	],
	[
		103.90706,
		1.39204
	],
	[
		103.90698,
		1.39213
	],
	[
		103.90681,
		1.3923
	],
	[
		103.9067,
		1.3924
	],
	[
		103.90644,
		1.39267
	],
	[
		103.90634,
		1.39273
	],
	[
		103.90625,
		1.39277
	],
	[
		103.90614,
		1.39278
	],
	[
		103.90607,
		1.39276
	],
	[
		103.90598,
		1.39272
	],
	[
		103.9059,
		1.39267
	],
	[
		103.90546,
		1.39222
	],
	[
		103.90532,
		1.39207
	],
	[
		103.90514,
		1.39224
	],
	[
		103.90506,
		1.3923
	],
	[
		103.90468,
		1.3926
	],
	[
		103.90456,
		1.3927
	],
	[
		103.90414,
		1.39298
	],
	[
		103.90395,
		1.3931
	],
	[
		103.9039,
		1.39313
	],
	[
		103.90381,
		1.39318
	],
	[
		103.90366,
		1.39327
	],
	[
		103.90358,
		1.39331
	],
	[
		103.90321,
		1.39348
	],
	[
		103.90295,
		1.39361
	],
	[
		103.90282,
		1.39366
	],
	[
		103.90229,
		1.39384
	],
	[
		103.90188,
		1.39399
	],
	[
		103.90154,
		1.39412
	],
	[
		103.9014,
		1.39418
	],
	[
		103.90128,
		1.39422
	],
	[
		103.90103,
		1.3943
	],
	[
		103.90042,
		1.39453
	],
	[
		103.90036,
		1.39455
	],
	[
		103.90016,
		1.39463
	],
	[
		103.89946,
		1.39487
	],
	[
		103.89931,
		1.39483
	],
	[
		103.89914,
		1.39477
	],
	[
		103.89894,
		1.3946
	],
	[
		103.89868,
		1.39387
	],
	[
		103.89863,
		1.39372
	],
	[
		103.89842,
		1.39315
	],
	[
		103.89837,
		1.393
	],
	[
		103.89837,
		1.39299
	],
	[
		103.8983,
		1.39282
	],
	[
		103.89808,
		1.3922
	],
	[
		103.89804,
		1.39209
	],
	[
		103.898,
		1.39197
	],
	[
		103.898,
		1.39195
	],
	[
		103.89798,
		1.3919
	],
	[
		103.89796,
		1.39185
	],
	[
		103.89788,
		1.39188
	],
	[
		103.89786,
		1.39188
	],
	[
		103.8978,
		1.3919
	],
	[
		103.89759,
		1.39198
	],
	[
		103.89745,
		1.39203
	],
	[
		103.89724,
		1.3921
	],
	[
		103.89709,
		1.39204
	],
	[
		103.89691,
		1.39193
	],
	[
		103.89683,
		1.39182
	],
	[
		103.89666,
		1.39131
	],
	[
		103.89643,
		1.39138
	]
]