[
	[
		103.98733,
		1.38963
	],
	[
		103.98703,
		1.38955
	],
	[
		103.98723,
		1.38891
	],
	[
		103.98731,
		1.38863
	],
	[
		103.98733,
		1.3882
	],
	[
		103.98734,
		1.38798
	],
	[
		103.98736,
		1.38751
	],
	[
		103.98681,
		1.38754
	],
	[
		103.98577,
		1.38768
	],
	[
		103.98576,
		1.38769
	],
	[
		103.98558,
		1.38771
	],
	[
		103.98548,
		1.38772
	],
	[
		103.98277,
		1.38796
	],
	[
		103.98265,
		1.38795
	],
	[
		103.98253,
		1.38795
	],
	[
		103.98249,
		1.38794
	],
	[
		103.98215,
		1.38788
	],
	[
		103.98198,
		1.38782
	],
	[
		103.98182,
		1.38777
	],
	[
		103.98124,
		1.38758
	],
	[
		103.98071,
		1.38738
	],
	[
		103.98022,
		1.38722
	],
	[
		103.98009,
		1.38718
	],
	[
		103.97999,
		1.38711
	],
	[
		103.97986,
		1.38703
	],
	[
		103.97954,
		1.38684
	],
	[
		103.97948,
		1.3868
	],
	[
		103.97928,
		1.38665
	],
	[
		103.97923,
		1.3866
	],
	[
		103.97903,
		1.38641
	],
	[
		103.97881,
		1.38615
	],
	[
		103.97862,
		1.38587
	],
	[
		103.97845,
		1.38552
	],
	[
		103.97833,
		1.38517
	],
	[
		103.97826,
		1.38486
	],
	[
		103.97822,
		1.38452
	],
	[
		103.97822,
		1.38423
	],
	[
		103.97824,
		1.3837
	],
	[
		103.97827,
		1.38329
	],
	[
		103.97846,
		1.37966
	],
	[
		103.97851,
		1.37884
	],
	[
		103.97849,
		1.3786
	],
	[
		103.97848,
		1.37836
	],
	[
		103.97835,
		1.37786
	],
	[
		103.97813,
		1.3774
	],
	[
		103.97783,
		1.377
	],
	[
		103.97726,
		1.37644
	],
	[
		103.9772,
		1.37638
	],
	[
		103.97665,
		1.37584
	],
	[
		103.97596,
		1.37516
	],
	[
		103.97525,
		1.37435
	],
	[
		103.97505,
		1.37416
	],
	[
		103.97489,
		1.37401
	],
	[
		103.97476,
		1.37387
	],
	[
		103.97449,
		1.3736
	],
	[
		103.97423,
		1.37334
	],
	[
		103.9738,
		1.37291
	],
	[
		103.97295,
		1.37206
	],
	[
		103.97275,
		1.37187
	],
	[
		103.97249,
		1.3716
	],
	[
		103.97231,
		1.37143
	],
	[
		103.97196,
		1.37107
	],
	[
		103.97132,
		1.37043
	],
	[
		103.97114,
		1.37025
	],
	[
		103.97102,
		1.37013
	],
	[
		103.97054,
		1.36965
	],
	[
		103.97052,
		1.36963
	],
	[
		103.97013,
		1.36924
	],
	[
		103.96982,
		1.36892
	],
	[
		103.96836,
		1.36746
	],
	[
		103.96807,
		1.36717
	],
	[
		103.96736,
		1.36646
	],
	[
		103.96688,
		1.36598
	],
	[
		103.96675,
		1.36585
	],
	[
		103.96663,
		1.36574
	],
	[
		103.96653,
		1.36562
	],
	[
		103.96623,
		1.36534
	],
	[
		103.96536,
		1.36448
	],
	[
		103.96507,
		1.36419
	],
	[
		103.96454,
		1.36368
	],
	[
		103.96439,
		1.36349
	],
	[
		103.96427,
		1.36339
	],
	[
		103.96404,
		1.36316
	],
	[
		103.96328,
		1.36238
	],
	[
		103.96327,
		1.36237
	],
	[
		103.96327,
		1.36237
	],
	[
		103.96327,
		1.36237
	],
	[
		103.96325,
		1.36235
	],
	[
		103.96302,
		1.36211
	],
	[
		103.96302,
		1.36211
	],
	[
		103.96298,
		1.36207
	],
	[
		103.96264,
		1.36171
	],
	[
		103.96256,
		1.36163
	],
	[
		103.96247,
		1.36154
	],
	[
		103.96242,
		1.36148
	],
	[
		103.96238,
		1.36144
	],
	[
		103.96237,
		1.36144
	],
	[
		103.96234,
		1.36141
	],
	[
		103.96226,
		1.36133
	],
	[
		103.96194,
		1.36103
	],
	[
		103.96168,
		1.36078
	],
	[
		103.96135,
		1.36045
	],
	[
		103.96124,
		1.36035
	],
	[
		103.96124,
		1.36034
	],
	[
		103.9612,
		1.3603
	],
	[
		103.96114,
		1.36025
	],
	[
		103.96109,
		1.36019
	],
	[
		103.96106,
		1.36016
	],
	[
		103.96104,
		1.36014
	],
	[
		103.96094,
		1.36004
	],
	[
		103.96062,
		1.35972
	],
	[
		103.96046,
		1.35956
	],
	[
		103.9594,
		1.35848
	],
	[
		103.95938,
		1.35846
	],
	[
		103.95937,
		1.35845
	],
	[
		103.95928,
		1.35837
	],
	[
		103.95927,
		1.35835
	],
	[
		103.95927,
		1.35835
	],
	[
		103.95926,
		1.35834
	],
	[
		103.95926,
		1.35834
	],
	[
		103.95925,
		1.35833
	],
	[
		103.95861,
		1.35768
	],
	[
		103.95849,
		1.35757
	],
	[
		103.95838,
		1.35745
	],
	[
		103.95766,
		1.35673
	],
	[
		103.95748,
		1.35661
	],
	[
		103.95745,
		1.35659
	],
	[
		103.95744,
		1.35659
	],
	[
		103.95743,
		1.35657
	],
	[
		103.95734,
		1.35651
	],
	[
		103.95727,
		1.35647
	],
	[
		103.95724,
		1.35646
	],
	[
		103.95698,
		1.35635
	],
	[
		103.95683,
		1.35631
	],
	[
		103.95668,
		1.35628
	],
	[
		103.95598,
		1.35624
	],
	[
		103.95569,
		1.35606
	],
	[
		103.95559,
		1.35592
	],
	[
		103.95546,
		1.35566
	],
	[
		103.95545,
		1.35507
	],
	[
		103.95544,
		1.35479
	],
	[
		103.9554,
		1.35441
	],
	[
		103.95528,
		1.35394
	],
	[
		103.95523,
		1.35378
	],
	[
		103.95517,
		1.35361
	],
	[
		103.95509,
		1.35338
	],
	[
		103.95497,
		1.35305
	],
	[
		103.95496,
		1.35303
	],
	[
		103.95495,
		1.353
	],
	[
		103.95494,
		1.35299
	],
	[
		103.95494,
		1.35298
	],
	[
		103.95494,
		1.35298
	],
	[
		103.9549,
		1.35289
	],
	[
		103.95485,
		1.35279
	],
	[
		103.95477,
		1.35263
	],
	[
		103.95477,
		1.35262
	],
	[
		103.9547,
		1.3525
	],
	[
		103.95465,
		1.35241
	],
	[
		103.95462,
		1.35235
	],
	[
		103.95458,
		1.3523
	],
	[
		103.9545,
		1.35217
	],
	[
		103.95446,
		1.35212
	],
	[
		103.95446,
		1.35211
	],
	[
		103.9544,
		1.35204
	],
	[
		103.95427,
		1.35188
	],
	[
		103.95407,
		1.3516
	],
	[
		103.95363,
		1.35111
	],
	[
		103.95335,
		1.35087
	],
	[
		103.9532,
		1.35077
	],
	[
		103.95293,
		1.35062
	],
	[
		103.95282,
		1.35058
	],
	[
		103.9528,
		1.35057
	],
	[
		103.95272,
		1.35054
	],
	[
		103.95243,
		1.35044
	],
	[
		103.95243,
		1.35044
	],
	[
		103.95242,
		1.35044
	],
	[
		103.95236,
		1.35042
	],
	[
		103.952,
		1.35028
	],
	[
		103.95101,
		1.34994
	],
	[
		103.95082,
		1.34987
	],
	[
		103.95063,
		1.34981
	],
	[
		103.95021,
		1.34967
	],
	[
		103.95011,
		1.34963
	],
	[
		103.94945,
		1.3494
	],
	[
		103.94941,
		1.34939
	],
	[
		103.94937,
		1.34937
	],
	[
		103.94936,
		1.34937
	],
	[
		103.9493,
		1.34935
	],
	[
		103.94918,
		1.34931
	],
	[
		103.94918,
		1.34931
	],
	[
		103.94918,
		1.34931
	],
	[
		103.94917,
		1.34931
	],
	[
		103.94869,
		1.34914
	],
	[
		103.94834,
		1.34902
	],
	[
		103.94802,
		1.34891
	],
	[
		103.94573,
		1.34813
	],
	[
		103.94558,
		1.34807
	],
	[
		103.94558,
		1.34806
	],
	[
		103.94557,
		1.34806
	],
	[
		103.94524,
		1.34792
	],
	[
		103.94523,
		1.34791
	],
	[
		103.94517,
		1.34789
	],
	[
		103.94495,
		1.34779
	],
	[
		103.94448,
		1.34752
	],
	[
		103.94441,
		1.34748
	],
	[
		103.94397,
		1.34718
	],
	[
		103.94351,
		1.34684
	],
	[
		103.9431,
		1.34648
	],
	[
		103.94293,
		1.34634
	],
	[
		103.94264,
		1.34608
	],
	[
		103.94232,
		1.34584
	],
	[
		103.94174,
		1.34546
	],
	[
		103.9413,
		1.34524
	],
	[
		103.94077,
		1.34503
	],
	[
		103.94024,
		1.34489
	],
	[
		103.94023,
		1.34488
	],
	[
		103.94019,
		1.34488
	],
	[
		103.94015,
		1.34487
	],
	[
		103.94014,
		1.34487
	],
	[
		103.94011,
		1.34486
	],
	[
		103.94009,
		1.34486
	],
	[
		103.93982,
		1.34481
	],
	[
		103.9392,
		1.34476
	],
	[
		103.93875,
		1.34476
	],
	[
		103.93866,
		1.34472
	],
	[
		103.93849,
		1.34459
	],
	[
		103.93834,
		1.34439
	],
	[
		103.93827,
		1.344
	],
	[
		103.9381,
		1.34357
	],
	[
		103.93672,
		1.3409
	],
	[
		103.93664,
		1.34077
	],
	[
		103.93661,
		1.34072
	],
	[
		103.9366,
		1.34071
	],
	[
		103.93656,
		1.34065
	],
	[
		103.9364,
		1.34038
	],
	[
		103.93637,
		1.34034
	],
	[
		103.93624,
		1.34019
	],
	[
		103.93598,
		1.33988
	],
	[
		103.93517,
		1.33904
	],
	[
		103.93508,
		1.33895
	],
	[
		103.93476,
		1.33867
	],
	[
		103.93468,
		1.33861
	],
	[
		103.93464,
		1.33858
	],
	[
		103.93459,
		1.33854
	],
	[
		103.93454,
		1.33851
	],
	[
		103.93445,
		1.33845
	],
	[
		103.93439,
		1.33842
	],
	[
		103.93436,
		1.3384
	],
	[
		103.93429,
		1.33836
	],
	[
		103.93401,
		1.33822
	],
	[
		103.93398,
		1.33821
	],
	[
		103.93393,
		1.3382
	],
	[
		103.93391,
		1.33819
	],
	[
		103.93388,
		1.33818
	],
	[
		103.9337,
		1.33812
	],
	[
		103.93347,
		1.33806
	],
	[
		103.93326,
		1.33801
	],
	[
		103.933,
		1.33796
	],
	[
		103.93286,
		1.33794
	],
	[
		103.93269,
		1.33791
	],
	[
		103.93227,
		1.33783
	],
	[
		103.93204,
		1.33784
	],
	[
		103.9318,
		1.33787
	],
	[
		103.93156,
		1.33794
	],
	[
		103.93137,
		1.338
	],
	[
		103.93134,
		1.33801
	],
	[
		103.93113,
		1.33809
	],
	[
		103.93113,
		1.33809
	],
	[
		103.93101,
		1.33813
	],
	[
		103.93091,
		1.33816
	],
	[
		103.9308,
		1.3382
	],
	[
		103.93022,
		1.3384
	],
	[
		103.93015,
		1.33843
	],
	[
		103.92953,
		1.33865
	],
	[
		103.92944,
		1.33868
	],
	[
		103.92943,
		1.33868
	],
	[
		103.92942,
		1.33869
	],
	[
		103.9294,
		1.33869
	],
	[
		103.92864,
		1.33896
	],
	[
		103.92841,
		1.33904
	],
	[
		103.92815,
		1.33911
	],
	[
		103.92796,
		1.33912
	],
	[
		103.92795,
		1.33912
	],
	[
		103.92789,
		1.33912
	],
	[
		103.92773,
		1.33913
	],
	[
		103.92747,
		1.3391
	],
	[
		103.92745,
		1.33909
	],
	[
		103.92745,
		1.33909
	],
	[
		103.92743,
		1.33909
	],
	[
		103.9272,
		1.33902
	],
	[
		103.92696,
		1.33891
	],
	[
		103.92627,
		1.3386
	],
	[
		103.92612,
		1.33853
	],
	[
		103.92592,
		1.33846
	],
	[
		103.9258,
		1.33841
	],
	[
		103.92557,
		1.33834
	],
	[
		103.92539,
		1.33828
	],
	[
		103.92535,
		1.33828
	],
	[
		103.92494,
		1.33819
	],
	[
		103.92435,
		1.33807
	],
	[
		103.92428,
		1.33806
	],
	[
		103.92373,
		1.33794
	],
	[
		103.92369,
		1.33793
	],
	[
		103.92365,
		1.33791
	],
	[
		103.92361,
		1.3379
	],
	[
		103.92352,
		1.33787
	],
	[
		103.92316,
		1.33777
	],
	[
		103.92305,
		1.33773
	],
	[
		103.92268,
		1.3376
	],
	[
		103.92252,
		1.33752
	],
	[
		103.92249,
		1.33751
	],
	[
		103.92235,
		1.33744
	],
	[
		103.92207,
		1.33725
	],
	[
		103.92205,
		1.33725
	],
	[
		103.92202,
		1.33722
	],
	[
		103.92184,
		1.33711
	],
	[
		103.92163,
		1.33703
	],
	[
		103.92129,
		1.33698
	],
	[
		103.92107,
		1.337
	],
	[
		103.92085,
		1.33706
	],
	[
		103.92075,
		1.33711
	],
	[
		103.92035,
		1.33729
	],
	[
		103.91994,
		1.33752
	],
	[
		103.91984,
		1.33759
	],
	[
		103.9198,
		1.33762
	],
	[
		103.9198,
		1.33762
	],
	[
		103.91969,
		1.3377
	],
	[
		103.91933,
		1.338
	],
	[
		103.91929,
		1.33804
	],
	[
		103.91919,
		1.33812
	],
	[
		103.91906,
		1.33821
	],
	[
		103.91879,
		1.33832
	],
	[
		103.91852,
		1.33836
	],
	[
		103.91845,
		1.33835
	],
	[
		103.91824,
		1.33832
	],
	[
		103.91819,
		1.33831
	],
	[
		103.9181,
		1.33828
	],
	[
		103.91805,
		1.33827
	],
	[
		103.91805,
		1.33826
	],
	[
		103.91797,
		1.33824
	],
	[
		103.91789,
		1.33822
	],
	[
		103.91788,
		1.33821
	],
	[
		103.91787,
		1.33821
	],
	[
		103.91783,
		1.3382
	],
	[
		103.91779,
		1.33819
	],
	[
		103.91765,
		1.33815
	],
	[
		103.91748,
		1.33813
	],
	[
		103.9163,
		1.33795
	],
	[
		103.91627,
		1.33794
	],
	[
		103.91622,
		1.33793
	],
	[
		103.91604,
		1.33788
	],
	[
		103.91531,
		1.33766
	],
	[
		103.91529,
		1.33766
	],
	[
		103.91527,
		1.33765
	],
	[
		103.915,
		1.33757
	],
	[
		103.91359,
		1.33689
	],
	[
		103.91349,
		1.33685
	],
	[
		103.91259,
		1.33642
	],
	[
		103.91247,
		1.33636
	],
	[
		103.91215,
		1.33617
	],
	[
		103.91209,
		1.33614
	],
	[
		103.91158,
		1.33592
	],
	[
		103.91111,
		1.33571
	],
	[
		103.91095,
		1.33564
	],
	[
		103.9105,
		1.3355
	],
	[
		103.90989,
		1.33535
	],
	[
		103.90989,
		1.33535
	],
	[
		103.90988,
		1.33535
	],
	[
		103.90908,
		1.33514
	],
	[
		103.90789,
		1.33487
	],
	[
		103.9075,
		1.33484
	],
	[
		103.90741,
		1.33482
	],
	[
		103.90723,
		1.33478
	],
	[
		103.90631,
		1.33461
	],
	[
		103.90603,
		1.33453
	],
	[
		103.90567,
		1.33436
	],
	[
		103.90434,
		1.33372
	],
	[
		103.90432,
		1.3337
	],
	[
		103.90406,
		1.33354
	],
	[
		103.90382,
		1.33339
	],
	[
		103.90347,
		1.33308
	],
	[
		103.90283,
		1.33241
	],
	[
		103.90257,
		1.33214
	],
	[
		103.90254,
		1.33194
	],
	[
		103.90255,
		1.33184
	],
	[
		103.90261,
		1.33165
	],
	[
		103.9027,
		1.3315
	],
	[
		103.9027,
		1.3315
	],
	[
		103.90359,
		1.33065
	],
	[
		103.90361,
		1.33062
	],
	[
		103.90362,
		1.33061
	],
	[
		103.90363,
		1.33061
	],
	[
		103.90392,
		1.33032
	],
	[
		103.90433,
		1.32992
	],
	[
		103.90446,
		1.3298
	],
	[
		103.9046,
		1.32967
	],
	[
		103.90468,
		1.32959
	],
	[
		103.90475,
		1.32953
	],
	[
		103.9048,
		1.32947
	],
	[
		103.9048,
		1.32946
	],
	[
		103.90481,
		1.32944
	],
	[
		103.90485,
		1.3294
	],
	[
		103.90486,
		1.32938
	],
	[
		103.90506,
		1.32914
	],
	[
		103.90529,
		1.32878
	],
	[
		103.90531,
		1.32875
	],
	[
		103.90532,
		1.32873
	],
	[
		103.9054,
		1.32861
	],
	[
		103.90554,
		1.32831
	],
	[
		103.90557,
		1.32823
	],
	[
		103.90558,
		1.3282
	],
	[
		103.90561,
		1.32813
	],
	[
		103.90566,
		1.328
	],
	[
		103.90566,
		1.328
	],
	[
		103.90566,
		1.32799
	],
	[
		103.90573,
		1.32774
	],
	[
		103.90574,
		1.32769
	],
	[
		103.90584,
		1.32721
	],
	[
		103.90583,
		1.32669
	],
	[
		103.9058,
		1.32622
	],
	[
		103.90565,
		1.32596
	],
	[
		103.9055,
		1.32576
	],
	[
		103.90532,
		1.32561
	],
	[
		103.90508,
		1.32551
	],
	[
		103.90482,
		1.32548
	],
	[
		103.90436,
		1.32547
	],
	[
		103.90379,
		1.32543
	],
	[
		103.90313,
		1.32534
	],
	[
		103.89709,
		1.32416
	],
	[
		103.89354,
		1.32346
	],
	[
		103.89334,
		1.32342
	],
	[
		103.89246,
		1.32322
	],
	[
		103.89134,
		1.32295
	],
	[
		103.89097,
		1.32287
	],
	[
		103.89096,
		1.32287
	],
	[
		103.89075,
		1.32283
	],
	[
		103.8895,
		1.32252
	],
	[
		103.88859,
		1.32236
	],
	[
		103.88757,
		1.32225
	],
	[
		103.88617,
		1.32219
	],
	[
		103.8855,
		1.32215
	],
	[
		103.88516,
		1.3221
	],
	[
		103.88495,
		1.32207
	],
	[
		103.88442,
		1.32191
	],
	[
		103.88391,
		1.32172
	],
	[
		103.88382,
		1.32169
	],
	[
		103.88317,
		1.32143
	],
	[
		103.88168,
		1.32081
	],
	[
		103.88159,
		1.32078
	],
	[
		103.88032,
		1.32026
	],
	[
		103.87976,
		1.32004
	],
	[
		103.87925,
		1.31988
	],
	[
		103.87881,
		1.31981
	],
	[
		103.87877,
		1.3198
	],
	[
		103.87695,
		1.31982
	],
	[
		103.87646,
		1.31991
	],
	[
		103.87637,
		1.31994
	],
	[
		103.87622,
		1.32
	],
	[
		103.87619,
		1.32001
	],
	[
		103.87602,
		1.32006
	],
	[
		103.87547,
		1.32035
	],
	[
		103.87523,
		1.32052
	],
	[
		103.87507,
		1.32064
	],
	[
		103.87498,
		1.3207
	],
	[
		103.87486,
		1.32082
	],
	[
		103.87456,
		1.32109
	],
	[
		103.87342,
		1.32256
	],
	[
		103.87307,
		1.32302
	],
	[
		103.87129,
		1.32538
	],
	[
		103.87065,
		1.32618
	],
	[
		103.87014,
		1.32669
	],
	[
		103.86959,
		1.32719
	],
	[
		103.86915,
		1.32752
	],
	[
		103.86908,
		1.32757
	],
	[
		103.86879,
		1.32777
	],
	[
		103.86835,
		1.32802
	],
	[
		103.86809,
		1.32816
	],
	[
		103.86752,
		1.32841
	],
	[
		103.86691,
		1.32865
	],
	[
		103.86615,
		1.32888
	],
	[
		103.86532,
		1.32914
	],
	[
		103.86463,
		1.3294
	],
	[
		103.8637,
		1.32981
	],
	[
		103.86313,
		1.33013
	],
	[
		103.8628,
		1.33029
	],
	[
		103.86242,
		1.3304
	],
	[
		103.86233,
		1.33043
	],
	[
		103.86225,
		1.33044
	],
	[
		103.86215,
		1.33045
	],
	[
		103.86184,
		1.33048
	],
	[
		103.8615,
		1.33047
	],
	[
		103.86094,
		1.33039
	],
	[
		103.86066,
		1.33031
	],
	[
		103.86017,
		1.33016
	],
	[
		103.86017,
		1.33015
	],
	[
		103.8601,
		1.33013
	],
	[
		103.85906,
		1.32979
	],
	[
		103.85829,
		1.32946
	],
	[
		103.85772,
		1.3292
	],
	[
		103.857,
		1.32898
	],
	[
		103.85641,
		1.32887
	],
	[
		103.85619,
		1.32888
	],
	[
		103.85598,
		1.32894
	],
	[
		103.85583,
		1.32903
	],
	[
		103.85577,
		1.32906
	],
	[
		103.85563,
		1.32922
	],
	[
		103.85562,
		1.32923
	],
	[
		103.85552,
		1.32943
	],
	[
		103.85536,
		1.32993
	],
	[
		103.85528,
		1.33015
	],
	[
		103.85517,
		1.33046
	],
	[
		103.8551,
		1.33064
	],
	[
		103.85497,
		1.33102
	],
	[
		103.85472,
		1.33122
	],
	[
		103.85467,
		1.33126
	],
	[
		103.85447,
		1.33134
	],
	[
		103.85434,
		1.33138
	],
	[
		103.85404,
		1.33145
	],
	[
		103.85381,
		1.33145
	],
	[
		103.85373,
		1.33144
	],
	[
		103.85363,
		1.33144
	],
	[
		103.85319,
		1.33143
	],
	[
		103.85277,
		1.33138
	],
	[
		103.8527,
		1.33137
	],
	[
		103.85269,
		1.33137
	],
	[
		103.85268,
		1.33137
	],
	[
		103.85265,
		1.33137
	],
	[
		103.85259,
		1.33136
	],
	[
		103.85248,
		1.33135
	],
	[
		103.85242,
		1.33134
	],
	[
		103.85223,
		1.33131
	],
	[
		103.85191,
		1.33125
	],
	[
		103.85181,
		1.33123
	],
	[
		103.85167,
		1.33121
	],
	[
		103.85166,
		1.3312
	],
	[
		103.85164,
		1.3312
	],
	[
		103.8515,
		1.33118
	],
	[
		103.85129,
		1.33114
	],
	[
		103.85092,
		1.33109
	],
	[
		103.8505,
		1.33103
	],
	[
		103.85046,
		1.33103
	],
	[
		103.85037,
		1.33103
	],
	[
		103.85018,
		1.33103
	],
	[
		103.85015,
		1.33103
	],
	[
		103.85012,
		1.33103
	],
	[
		103.85009,
		1.33104
	],
	[
		103.85002,
		1.33105
	],
	[
		103.84956,
		1.33111
	],
	[
		103.84927,
		1.33115
	],
	[
		103.8491,
		1.33118
	],
	[
		103.84875,
		1.33122
	],
	[
		103.84864,
		1.33123
	],
	[
		103.84845,
		1.33126
	],
	[
		103.84836,
		1.33127
	],
	[
		103.84769,
		1.33136
	],
	[
		103.84753,
		1.33139
	],
	[
		103.84707,
		1.33145
	],
	[
		103.84693,
		1.33147
	],
	[
		103.84688,
		1.33147
	],
	[
		103.84668,
		1.3315
	],
	[
		103.84648,
		1.33154
	],
	[
		103.84647,
		1.33154
	],
	[
		103.84645,
		1.33154
	],
	[
		103.84643,
		1.33154
	],
	[
		103.84635,
		1.33156
	],
	[
		103.84627,
		1.33157
	],
	[
		103.8462,
		1.33158
	],
	[
		103.84549,
		1.33169
	],
	[
		103.84534,
		1.33175
	],
	[
		103.84492,
		1.3319
	],
	[
		103.84473,
		1.33199
	],
	[
		103.84469,
		1.33202
	],
	[
		103.84439,
		1.33221
	],
	[
		103.84421,
		1.33237
	],
	[
		103.8442,
		1.33238
	],
	[
		103.84405,
		1.33251
	],
	[
		103.84398,
		1.33257
	],
	[
		103.84395,
		1.3326
	],
	[
		103.84393,
		1.33263
	],
	[
		103.84367,
		1.33296
	],
	[
		103.84356,
		1.33314
	],
	[
		103.84338,
		1.33352
	],
	[
		103.84329,
		1.33379
	],
	[
		103.84325,
		1.33391
	],
	[
		103.84321,
		1.33413
	],
	[
		103.8432,
		1.33416
	],
	[
		103.84319,
		1.33435
	],
	[
		103.84318,
		1.33444
	],
	[
		103.84316,
		1.33475
	],
	[
		103.84318,
		1.33486
	],
	[
		103.8432,
		1.33505
	],
	[
		103.84323,
		1.33527
	],
	[
		103.84324,
		1.33534
	],
	[
		103.84339,
		1.33619
	],
	[
		103.84344,
		1.33643
	],
	[
		103.84353,
		1.33695
	],
	[
		103.84355,
		1.33705
	],
	[
		103.84356,
		1.33715
	],
	[
		103.8437,
		1.33792
	],
	[
		103.84374,
		1.33813
	],
	[
		103.84375,
		1.33821
	],
	[
		103.84377,
		1.33833
	],
	[
		103.84382,
		1.33853
	],
	[
		103.84385,
		1.33869
	],
	[
		103.8439,
		1.33887
	],
	[
		103.84409,
		1.33942
	],
	[
		103.8441,
		1.33945
	],
	[
		103.8442,
		1.33965
	],
	[
		103.84432,
		1.33988
	],
	[
		103.84447,
		1.3401
	],
	[
		103.84462,
		1.34026
	],
	[
		103.84464,
		1.34029
	],
	[
		103.84484,
		1.34046
	],
	[
		103.84485,
		1.34047
	],
	[
		103.84542,
		1.34104
	],
	[
		103.84542,
		1.34104
	],
	[
		103.84536,
		1.34105
	],
	[
		103.84476,
		1.34072
	],
	[
		103.84477,
		1.34062
	],
	[
		103.84485,
		1.34047
	],
	[
		103.84777,
		1.34084
	],
	[
		103.84804,
		1.34083
	],
	[
		103.84843,
		1.34081
	],
	[
		103.8485,
		1.34081
	],
	[
		103.84857,
		1.3408
	],
	[
		103.84865,
		1.3408
	],
	[
		103.84914,
		1.34077
	],
	[
		103.84965,
		1.34072
	],
	[
		103.8497,
		1.3407
	],
	[
		103.85005,
		1.34056
	],
	[
		103.8501,
		1.34053
	],
	[
		103.85055,
		1.34028
	],
	[
		103.85103,
		1.33999
	],
	[
		103.85109,
		1.33995
	],
	[
		103.85116,
		1.33992
	],
	[
		103.85188,
		1.33955
	],
	[
		103.85212,
		1.33948
	],
	[
		103.85235,
		1.33947
	],
	[
		103.85254,
		1.33952
	],
	[
		103.85272,
		1.33961
	],
	[
		103.85279,
		1.33974
	],
	[
		103.85286,
		1.33984
	],
	[
		103.8529,
		1.33992
	],
	[
		103.85294,
		1.33997
	],
	[
		103.85296,
		1.34002
	],
	[
		103.85308,
		1.3403
	],
	[
		103.85321,
		1.34064
	],
	[
		103.85338,
		1.34109
	],
	[
		103.85333,
		1.34128
	],
	[
		103.85334,
		1.34181
	],
	[
		103.85333,
		1.34226
	],
	[
		103.85326,
		1.34252
	],
	[
		103.85316,
		1.34277
	],
	[
		103.85298,
		1.34311
	],
	[
		103.8527,
		1.34322
	],
	[
		103.8524,
		1.34326
	],
	[
		103.85183,
		1.34335
	],
	[
		103.85132,
		1.34344
	],
	[
		103.85131,
		1.34339
	],
	[
		103.85131,
		1.34339
	],
	[
		103.84674,
		1.34602
	],
	[
		103.84685,
		1.34649
	],
	[
		103.84698,
		1.3471
	],
	[
		103.84722,
		1.34818
	],
	[
		103.84727,
		1.34845
	],
	[
		103.84729,
		1.34854
	],
	[
		103.84733,
		1.34853
	],
	[
		103.84733,
		1.34853
	],
	[
		103.84735,
		1.34852
	],
	[
		103.84738,
		1.34852
	],
	[
		103.84739,
		1.34852
	],
	[
		103.84757,
		1.34848
	],
	[
		103.84766,
		1.34846
	],
	[
		103.84825,
		1.34833
	],
	[
		103.84848,
		1.34828
	],
	[
		103.84854,
		1.34826
	],
	[
		103.84886,
		1.34819
	],
	[
		103.84923,
		1.34811
	],
	[
		103.84925,
		1.34811
	],
	[
		103.84928,
		1.3481
	],
	[
		103.84987,
		1.34797
	],
	[
		103.85019,
		1.34939
	],
	[
		103.85027,
		1.34977
	],
	[
		103.85035,
		1.35007
	],
	[
		103.85016,
		1.35013
	]
]