[
	[
		103.90179,
		1.31949
	],
	[
		103.90178,
		1.31949
	],
	[
		103.90129,
		1.31943
	],
	[
		103.90013,
		1.31921
	],
	[
		103.90015,
		1.31909
	],
	[
		103.90032,
		1.31828
	],
	[
		103.90093,
		1.31841
	],
	[
		103.90156,
		1.31854
	],
	[
		103.90228,
		1.31869
	],
	[
		103.90357,
		1.31895
	],
	[
		103.90382,
		1.31901
	],
	[
		103.90394,
		1.31903
	],
	[
		103.9046,
		1.31917
	],
	[
		103.90469,
		1.31924
	],
	[
		103.90485,
		1.31942
	],
	[
		103.90496,
		1.31963
	],
	[
		103.90501,
		1.31979
	],
	[
		103.90512,
		1.32064
	],
	[
		103.90515,
		1.3209
	],
	[
		103.90523,
		1.32164
	],
	[
		103.90524,
		1.32182
	],
	[
		103.9053,
		1.32231
	],
	[
		103.90531,
		1.32241
	],
	[
		103.90534,
		1.32273
	],
	[
		103.90544,
		1.32345
	],
	[
		103.90549,
		1.32378
	],
	[
		103.90555,
		1.3243
	],
	[
		103.90556,
		1.32435
	],
	[
		103.90561,
		1.32474
	],
	[
		103.90572,
		1.3256
	],
	[
		103.9058,
		1.32622
	],
	[
		103.90583,
		1.32669
	],
	[
		103.90584,
		1.32721
	],
	[
		103.90573,
		1.32774
	],
	[
		103.90566,
		1.328
	],
	[
		103.90558,
		1.3282
	],
	[
		103.90554,
		1.32831
	],
	[
		103.9054,
		1.32861
	],
	[
		103.90506,
		1.32914
	],
	[
		103.90475,
		1.32953
	],
	[
		103.90504,
		1.32978
	],
	[
		103.90564,
		1.3303
	],
	[
		103.90597,
		1.33058
	],
	[
		103.90606,
		1.33066
	],
	[
		103.90622,
		1.33079
	],
	[
		103.90637,
		1.33089
	],
	[
		103.90651,
		1.33098
	],
	[
		103.90714,
		1.33133
	],
	[
		103.90747,
		1.33151
	],
	[
		103.90773,
		1.33163
	],
	[
		103.90802,
		1.33171
	],
	[
		103.90813,
		1.33173
	],
	[
		103.90829,
		1.33176
	],
	[
		103.90875,
		1.33176
	],
	[
		103.90936,
		1.33169
	],
	[
		103.90983,
		1.33165
	],
	[
		103.91019,
		1.33162
	],
	[
		103.91038,
		1.33163
	],
	[
		103.91055,
		1.33164
	],
	[
		103.91078,
		1.33168
	],
	[
		103.91095,
		1.33171
	],
	[
		103.91123,
		1.3318
	],
	[
		103.91146,
		1.33189
	],
	[
		103.91189,
		1.33209
	],
	[
		103.91234,
		1.33231
	],
	[
		103.91292,
		1.33258
	],
	[
		103.91307,
		1.33265
	],
	[
		103.91336,
		1.33287
	],
	[
		103.91352,
		1.33302
	],
	[
		103.91367,
		1.33322
	],
	[
		103.91389,
		1.33364
	],
	[
		103.91399,
		1.33403
	],
	[
		103.91505,
		1.3338
	],
	[
		103.91531,
		1.33374
	],
	[
		103.91585,
		1.33363
	],
	[
		103.91595,
		1.33357
	],
	[
		103.91598,
		1.33352
	],
	[
		103.91599,
		1.3334
	],
	[
		103.91594,
		1.33321
	],
	[
		103.91594,
		1.33321
	],
	[
		103.91587,
		1.33294
	],
	[
		103.91586,
		1.33283
	],
	[
		103.91583,
		1.33268
	],
	[
		103.91578,
		1.33257
	],
	[
		103.91568,
		1.33247
	],
	[
		103.91528,
		1.33228
	],
	[
		103.91514,
		1.33221
	],
	[
		103.91496,
		1.33212
	],
	[
		103.91438,
		1.33185
	],
	[
		103.91419,
		1.33181
	],
	[
		103.91401,
		1.33186
	],
	[
		103.91376,
		1.33195
	],
	[
		103.91331,
		1.33212
	],
	[
		103.9132,
		1.33216
	],
	[
		103.91307,
		1.33228
	],
	[
		103.91292,
		1.33258
	],
	[
		103.91307,
		1.33265
	],
	[
		103.91336,
		1.33287
	],
	[
		103.91352,
		1.33302
	],
	[
		103.91367,
		1.33322
	],
	[
		103.91389,
		1.33364
	],
	[
		103.91399,
		1.33403
	],
	[
		103.91401,
		1.33415
	],
	[
		103.91408,
		1.33456
	],
	[
		103.91412,
		1.3352
	],
	[
		103.91412,
		1.33521
	],
	[
		103.91412,
		1.33543
	],
	[
		103.91411,
		1.33555
	],
	[
		103.91404,
		1.33572
	],
	[
		103.91385,
		1.33611
	],
	[
		103.91381,
		1.33619
	],
	[
		103.91349,
		1.33685
	],
	[
		103.91359,
		1.33689
	],
	[
		103.915,
		1.33757
	],
	[
		103.91604,
		1.33788
	],
	[
		103.91622,
		1.33793
	],
	[
		103.9163,
		1.33795
	],
	[
		103.91748,
		1.33813
	],
	[
		103.91765,
		1.33815
	],
	[
		103.91779,
		1.33819
	],
	[
		103.91797,
		1.33824
	],
	[
		103.91798,
		1.33813
	],
	[
		103.91801,
		1.33781
	],
	[
		103.91812,
		1.33712
	],
	[
		103.91813,
		1.33698
	],
	[
		103.91816,
		1.33647
	],
	[
		103.91816,
		1.33645
	],
	[
		103.91816,
		1.33644
	],
	[
		103.91822,
		1.33564
	],
	[
		103.91823,
		1.33558
	],
	[
		103.91833,
		1.33513
	],
	[
		103.91839,
		1.33498
	],
	[
		103.91851,
		1.33465
	],
	[
		103.91884,
		1.33393
	],
	[
		103.9196,
		1.33229
	],
	[
		103.91987,
		1.33175
	],
	[
		103.9201,
		1.33148
	],
	[
		103.92089,
		1.33094
	],
	[
		103.92183,
		1.33027
	],
	[
		103.92227,
		1.32996
	],
	[
		103.92273,
		1.32972
	],
	[
		103.92334,
		1.32948
	],
	[
		103.92385,
		1.32936
	],
	[
		103.92444,
		1.32929
	],
	[
		103.92463,
		1.32929
	],
	[
		103.92492,
		1.32929
	],
	[
		103.9255,
		1.32936
	],
	[
		103.92606,
		1.3295
	],
	[
		103.9265,
		1.32963
	],
	[
		103.92655,
		1.32924
	],
	[
		103.92671,
		1.32801
	],
	[
		103.92686,
		1.32681
	],
	[
		103.92688,
		1.32663
	],
	[
		103.9269,
		1.32648
	],
	[
		103.92702,
		1.32564
	],
	[
		103.92709,
		1.32551
	],
	[
		103.92718,
		1.32541
	],
	[
		103.92739,
		1.32534
	],
	[
		103.92856,
		1.32528
	],
	[
		103.92885,
		1.32535
	],
	[
		103.92919,
		1.32543
	],
	[
		103.9296,
		1.32562
	],
	[
		103.92981,
		1.32465
	],
	[
		103.92904,
		1.32451
	]
]