[
	[
		103.83586,
		1.42801
	],
	[
		103.83526,
		1.42806
	],
	[
		103.83527,
		1.42815
	],
	[
		103.83529,
		1.42869
	],
	[
		103.8353,
		1.42879
	],
	[
		103.83532,
		1.42912
	],
	[
		103.83533,
		1.42941
	],
	[
		103.83536,
		1.43004
	],
	[
		103.83537,
		1.43027
	],
	[
		103.83537,
		1.4304
	],
	[
		103.83552,
		1.43039
	],
	[
		103.83572,
		1.43039
	],
	[
		103.83608,
		1.43038
	],
	[
		103.83694,
		1.43035
	],
	[
		103.83769,
		1.43032
	],
	[
		103.83794,
		1.43031
	],
	[
		103.83796,
		1.4303
	],
	[
		103.8383,
		1.43025
	],
	[
		103.83872,
		1.43013
	],
	[
		103.83917,
		1.42992
	],
	[
		103.83963,
		1.42961
	],
	[
		103.8399,
		1.42936
	],
	[
		103.83991,
		1.42936
	],
	[
		103.84032,
		1.42886
	],
	[
		103.84036,
		1.42882
	],
	[
		103.84037,
		1.4288
	],
	[
		103.84059,
		1.4284
	],
	[
		103.84073,
		1.42793
	],
	[
		103.84079,
		1.42751
	],
	[
		103.84078,
		1.42726
	],
	[
		103.84075,
		1.42705
	],
	[
		103.84072,
		1.42684
	],
	[
		103.84063,
		1.42651
	],
	[
		103.84054,
		1.42617
	],
	[
		103.84052,
		1.42607
	],
	[
		103.84051,
		1.42603
	],
	[
		103.84035,
		1.42544
	],
	[
		103.84024,
		1.42503
	],
	[
		103.84008,
		1.42471
	],
	[
		103.83989,
		1.42446
	],
	[
		103.83873,
		1.42357
	],
	[
		103.8382,
		1.42316
	],
	[
		103.83807,
		1.42309
	],
	[
		103.83779,
		1.42299
	],
	[
		103.83765,
		1.42296
	],
	[
		103.83748,
		1.42296
	],
	[
		103.83677,
		1.42294
	],
	[
		103.83678,
		1.42214
	],
	[
		103.83678,
		1.42193
	],
	[
		103.83679,
		1.42151
	],
	[
		103.83679,
		1.42115
	],
	[
		103.8368,
		1.42092
	],
	[
		103.83681,
		1.42083
	],
	[
		103.83684,
		1.4208
	],
	[
		103.83686,
		1.42076
	],
	[
		103.83695,
		1.4207
	],
	[
		103.83755,
		1.4207
	],
	[
		103.83765,
		1.42066
	],
	[
		103.83773,
		1.42057
	],
	[
		103.83784,
		1.42029
	],
	[
		103.83789,
		1.42016
	],
	[
		103.83793,
		1.42008
	],
	[
		103.83801,
		1.41987
	],
	[
		103.83817,
		1.41946
	],
	[
		103.83818,
		1.41944
	],
	[
		103.83831,
		1.41911
	],
	[
		103.83842,
		1.41884
	],
	[
		103.83872,
		1.41809
	],
	[
		103.83882,
		1.41813
	],
	[
		103.8392,
		1.41829
	],
	[
		103.83936,
		1.41832
	],
	[
		103.83952,
		1.41831
	],
	[
		103.83975,
		1.41825
	],
	[
		103.84044,
		1.41796
	],
	[
		103.84083,
		1.41889
	],
	[
		103.84096,
		1.41921
	],
	[
		103.84113,
		1.41961
	],
	[
		103.84133,
		1.42007
	],
	[
		103.84153,
		1.42057
	],
	[
		103.84157,
		1.42075
	],
	[
		103.84157,
		1.42093
	],
	[
		103.84156,
		1.42098
	],
	[
		103.8415,
		1.42121
	],
	[
		103.84116,
		1.42207
	],
	[
		103.84084,
		1.42286
	],
	[
		103.84065,
		1.42332
	],
	[
		103.84056,
		1.42357
	],
	[
		103.84047,
		1.42372
	],
	[
		103.83989,
		1.42446
	],
	[
		103.84008,
		1.42471
	],
	[
		103.84024,
		1.42503
	],
	[
		103.84035,
		1.42544
	],
	[
		103.84051,
		1.42603
	],
	[
		103.84052,
		1.42607
	],
	[
		103.84054,
		1.42617
	],
	[
		103.84063,
		1.42651
	],
	[
		103.84072,
		1.42684
	],
	[
		103.84075,
		1.42705
	],
	[
		103.84078,
		1.42726
	],
	[
		103.84079,
		1.42751
	],
	[
		103.84073,
		1.42793
	],
	[
		103.84059,
		1.4284
	],
	[
		103.84037,
		1.4288
	],
	[
		103.84036,
		1.42882
	],
	[
		103.84032,
		1.42886
	],
	[
		103.83991,
		1.42936
	],
	[
		103.8399,
		1.42936
	],
	[
		103.83963,
		1.42961
	],
	[
		103.83917,
		1.42992
	],
	[
		103.83872,
		1.43013
	],
	[
		103.8383,
		1.43025
	],
	[
		103.83796,
		1.4303
	],
	[
		103.83794,
		1.43031
	],
	[
		103.83769,
		1.43032
	],
	[
		103.83694,
		1.43035
	],
	[
		103.83608,
		1.43038
	],
	[
		103.83572,
		1.43039
	],
	[
		103.83552,
		1.43039
	],
	[
		103.83537,
		1.4304
	],
	[
		103.83537,
		1.43027
	],
	[
		103.83536,
		1.43004
	],
	[
		103.83533,
		1.42941
	],
	[
		103.8353,
		1.42879
	],
	[
		103.83526,
		1.42806
	],
	[
		103.83586,
		1.42801
	],
	[
		103.83526,
		1.42806
	],
	[
		103.83527,
		1.42815
	],
	[
		103.83529,
		1.42869
	],
	[
		103.8353,
		1.42879
	],
	[
		103.83532,
		1.42912
	],
	[
		103.83533,
		1.42941
	],
	[
		103.83536,
		1.43004
	],
	[
		103.83537,
		1.43027
	],
	[
		103.83537,
		1.4304
	],
	[
		103.83536,
		1.43051
	],
	[
		103.83536,
		1.43078
	],
	[
		103.83532,
		1.43135
	],
	[
		103.83526,
		1.43168
	],
	[
		103.8352,
		1.43209
	],
	[
		103.83506,
		1.43269
	],
	[
		103.83461,
		1.43458
	],
	[
		103.83458,
		1.43472
	],
	[
		103.83385,
		1.43447
	],
	[
		103.83353,
		1.43436
	],
	[
		103.83325,
		1.4343
	],
	[
		103.83317,
		1.43428
	],
	[
		103.83304,
		1.4343
	],
	[
		103.83293,
		1.43432
	],
	[
		103.83277,
		1.43439
	],
	[
		103.83234,
		1.43475
	],
	[
		103.83177,
		1.43524
	],
	[
		103.83172,
		1.43529
	],
	[
		103.8316,
		1.43535
	],
	[
		103.83141,
		1.43539
	],
	[
		103.83127,
		1.43538
	],
	[
		103.83103,
		1.43529
	],
	[
		103.83031,
		1.43483
	],
	[
		103.82995,
		1.43461
	],
	[
		103.82986,
		1.43455
	],
	[
		103.82972,
		1.43444
	],
	[
		103.82961,
		1.43431
	],
	[
		103.82951,
		1.43408
	],
	[
		103.8295,
		1.43399
	],
	[
		103.82948,
		1.4338
	],
	[
		103.82953,
		1.433
	],
	[
		103.82956,
		1.43253
	],
	[
		103.82959,
		1.43214
	],
	[
		103.8296,
		1.43192
	],
	[
		103.82964,
		1.43141
	],
	[
		103.82964,
		1.43131
	],
	[
		103.82966,
		1.4311
	],
	[
		103.8297,
		1.43036
	],
	[
		103.82976,
		1.42932
	],
	[
		103.82981,
		1.42916
	],
	[
		103.82986,
		1.42908
	],
	[
		103.82999,
		1.42893
	],
	[
		103.83048,
		1.4285
	],
	[
		103.83068,
		1.42832
	],
	[
		103.83141,
		1.42769
	],
	[
		103.8319,
		1.42724
	],
	[
		103.83201,
		1.42706
	],
	[
		103.83205,
		1.42688
	],
	[
		103.83208,
		1.42617
	],
	[
		103.83208,
		1.42604
	],
	[
		103.8321,
		1.42564
	],
	[
		103.83211,
		1.42542
	],
	[
		103.8321,
		1.4252
	],
	[
		103.83203,
		1.42494
	],
	[
		103.83163,
		1.42395
	],
	[
		103.83155,
		1.42375
	],
	[
		103.8315,
		1.42363
	],
	[
		103.83148,
		1.42293
	],
	[
		103.83148,
		1.4212
	],
	[
		103.83148,
		1.42113
	],
	[
		103.8315,
		1.42078
	],
	[
		103.83163,
		1.42027
	],
	[
		103.83174,
		1.42002
	],
	[
		103.83185,
		1.41977
	],
	[
		103.83207,
		1.41926
	],
	[
		103.83211,
		1.41919
	],
	[
		103.83216,
		1.4191
	],
	[
		103.83238,
		1.41889
	],
	[
		103.83256,
		1.4188
	],
	[
		103.83268,
		1.41874
	],
	[
		103.8329,
		1.41863
	],
	[
		103.83374,
		1.4182
	],
	[
		103.83443,
		1.41959
	],
	[
		103.83454,
		1.41982
	],
	[
		103.83478,
		1.42049
	],
	[
		103.83486,
		1.42084
	],
	[
		103.8349,
		1.42119
	],
	[
		103.83491,
		1.42125
	],
	[
		103.83497,
		1.42246
	],
	[
		103.83489,
		1.42261
	],
	[
		103.83479,
		1.42274
	],
	[
		103.83459,
		1.42291
	],
	[
		103.83378,
		1.42289
	],
	[
		103.83332,
		1.42288
	],
	[
		103.83218,
		1.42285
	],
	[
		103.83168,
		1.42287
	],
	[
		103.83161,
		1.42289
	],
	[
		103.83148,
		1.42293
	],
	[
		103.8315,
		1.42363
	],
	[
		103.83155,
		1.42375
	],
	[
		103.83163,
		1.42395
	],
	[
		103.83203,
		1.42494
	],
	[
		103.8321,
		1.4252
	],
	[
		103.83211,
		1.42542
	],
	[
		103.8321,
		1.42564
	],
	[
		103.83208,
		1.42604
	],
	[
		103.83208,
		1.42617
	],
	[
		103.83205,
		1.42688
	],
	[
		103.83201,
		1.42706
	],
	[
		103.8319,
		1.42724
	],
	[
		103.83141,
		1.42769
	],
	[
		103.83068,
		1.42832
	],
	[
		103.83048,
		1.4285
	],
	[
		103.82999,
		1.42893
	],
	[
		103.82986,
		1.42908
	],
	[
		103.82981,
		1.42916
	],
	[
		103.82976,
		1.42932
	],
	[
		103.8297,
		1.43036
	],
	[
		103.82966,
		1.4311
	],
	[
		103.82964,
		1.43131
	],
	[
		103.82964,
		1.43141
	],
	[
		103.8296,
		1.43192
	],
	[
		103.82959,
		1.43214
	],
	[
		103.82956,
		1.43253
	],
	[
		103.82953,
		1.433
	],
	[
		103.82948,
		1.4338
	],
	[
		103.8295,
		1.43399
	],
	[
		103.82951,
		1.43408
	],
	[
		103.82961,
		1.43431
	],
	[
		103.82972,
		1.43444
	],
	[
		103.82986,
		1.43455
	],
	[
		103.82995,
		1.43461
	],
	[
		103.83031,
		1.43483
	],
	[
		103.83103,
		1.43529
	],
	[
		103.83127,
		1.43538
	],
	[
		103.83141,
		1.43539
	],
	[
		103.8316,
		1.43535
	],
	[
		103.83172,
		1.43529
	],
	[
		103.83177,
		1.43524
	],
	[
		103.83234,
		1.43475
	],
	[
		103.83277,
		1.43439
	],
	[
		103.83293,
		1.43432
	],
	[
		103.83304,
		1.4343
	],
	[
		103.83317,
		1.43428
	],
	[
		103.83325,
		1.4343
	],
	[
		103.83353,
		1.43436
	],
	[
		103.83385,
		1.43447
	],
	[
		103.83458,
		1.43472
	],
	[
		103.83461,
		1.43458
	],
	[
		103.83506,
		1.43269
	],
	[
		103.8352,
		1.43209
	],
	[
		103.83526,
		1.43168
	],
	[
		103.83532,
		1.43135
	],
	[
		103.83536,
		1.43078
	],
	[
		103.83536,
		1.43051
	],
	[
		103.83537,
		1.4304
	],
	[
		103.83537,
		1.43027
	],
	[
		103.83536,
		1.43004
	],
	[
		103.83533,
		1.42941
	],
	[
		103.83532,
		1.42912
	],
	[
		103.8353,
		1.42879
	],
	[
		103.83529,
		1.42869
	],
	[
		103.83527,
		1.42815
	],
	[
		103.83526,
		1.42806
	],
	[
		103.83586,
		1.42801
	]
]