[
	[
		103.90228,
		1.40376
	],
	[
		103.90234,
		1.40349
	],
	[
		103.90302,
		1.40311
	],
	[
		103.90228,
		1.40188
	],
	[
		103.90229,
		1.40171
	],
	[
		103.9023,
		1.40154
	],
	[
		103.90236,
		1.40141
	],
	[
		103.90253,
		1.40122
	],
	[
		103.90354,
		1.40074
	],
	[
		103.90394,
		1.40052
	],
	[
		103.90454,
		1.40019
	],
	[
		103.90487,
		1.40002
	],
	[
		103.90505,
		1.39992
	],
	[
		103.90497,
		1.39976
	],
	[
		103.90486,
		1.3995
	],
	[
		103.90462,
		1.39901
	],
	[
		103.90461,
		1.399
	],
	[
		103.90434,
		1.39844
	],
	[
		103.90431,
		1.39838
	],
	[
		103.90408,
		1.39791
	],
	[
		103.90381,
		1.39733
	],
	[
		103.90378,
		1.39728
	],
	[
		103.90372,
		1.39715
	],
	[
		103.90345,
		1.39661
	],
	[
		103.90338,
		1.39646
	],
	[
		103.90336,
		1.39643
	],
	[
		103.90306,
		1.39602
	],
	[
		103.9029,
		1.39579
	],
	[
		103.90249,
		1.39535
	],
	[
		103.90229,
		1.39515
	],
	[
		103.90228,
		1.39514
	],
	[
		103.90216,
		1.39502
	],
	[
		103.90194,
		1.39481
	],
	[
		103.90173,
		1.39461
	],
	[
		103.90159,
		1.39445
	],
	[
		103.9014,
		1.39418
	],
	[
		103.90134,
		1.39402
	],
	[
		103.90127,
		1.39379
	],
	[
		103.9012,
		1.39352
	],
	[
		103.90116,
		1.39318
	],
	[
		103.90115,
		1.3931
	],
	[
		103.90115,
		1.39309
	],
	[
		103.90115,
		1.39295
	],
	[
		103.90117,
		1.39276
	],
	[
		103.9012,
		1.39256
	],
	[
		103.90127,
		1.39214
	],
	[
		103.90133,
		1.39184
	],
	[
		103.90139,
		1.39158
	],
	[
		103.90144,
		1.39139
	],
	[
		103.90148,
		1.3912
	],
	[
		103.90152,
		1.39104
	],
	[
		103.90155,
		1.3909
	],
	[
		103.90162,
		1.39056
	],
	[
		103.90175,
		1.38991
	],
	[
		103.90176,
		1.38988
	],
	[
		103.90176,
		1.38987
	],
	[
		103.90181,
		1.3896
	],
	[
		103.90189,
		1.38875
	],
	[
		103.90186,
		1.3885
	],
	[
		103.90181,
		1.38744
	],
	[
		103.9018,
		1.38735
	],
	[
		103.9018,
		1.38734
	],
	[
		103.90176,
		1.3871
	],
	[
		103.90169,
		1.3866
	],
	[
		103.90166,
		1.38638
	],
	[
		103.90164,
		1.38625
	],
	[
		103.90159,
		1.38613
	],
	[
		103.90149,
		1.3859
	],
	[
		103.90138,
		1.38568
	],
	[
		103.90122,
		1.38546
	],
	[
		103.90097,
		1.38517
	],
	[
		103.90051,
		1.38472
	],
	[
		103.90041,
		1.38462
	],
	[
		103.89997,
		1.38418
	],
	[
		103.89971,
		1.38393
	],
	[
		103.89948,
		1.38372
	],
	[
		103.89889,
		1.38328
	],
	[
		103.89881,
		1.38322
	],
	[
		103.8986,
		1.38306
	],
	[
		103.89849,
		1.38298
	],
	[
		103.89836,
		1.38287
	],
	[
		103.89813,
		1.38267
	],
	[
		103.89758,
		1.38214
	],
	[
		103.89735,
		1.38157
	],
	[
		103.89734,
		1.38153
	],
	[
		103.89733,
		1.38152
	],
	[
		103.8972,
		1.38101
	],
	[
		103.89707,
		1.38047
	],
	[
		103.89697,
		1.37986
	],
	[
		103.89693,
		1.37956
	],
	[
		103.89691,
		1.3794
	],
	[
		103.89689,
		1.37922
	],
	[
		103.89684,
		1.37891
	],
	[
		103.89678,
		1.37844
	],
	[
		103.89676,
		1.37831
	],
	[
		103.89676,
		1.3783
	],
	[
		103.89676,
		1.37819
	],
	[
		103.89674,
		1.37787
	],
	[
		103.89674,
		1.37783
	],
	[
		103.8967,
		1.37721
	],
	[
		103.89665,
		1.37706
	],
	[
		103.89642,
		1.37666
	],
	[
		103.89623,
		1.37636
	],
	[
		103.8962,
		1.37631
	],
	[
		103.89615,
		1.37623
	],
	[
		103.89602,
		1.37603
	],
	[
		103.89585,
		1.37577
	],
	[
		103.89563,
		1.37545
	],
	[
		103.89551,
		1.37532
	],
	[
		103.89548,
		1.37527
	],
	[
		103.89542,
		1.3752
	],
	[
		103.89522,
		1.37497
	],
	[
		103.89514,
		1.37488
	],
	[
		103.89479,
		1.37446
	],
	[
		103.89477,
		1.37443
	],
	[
		103.89474,
		1.37439
	],
	[
		103.89435,
		1.37393
	],
	[
		103.89429,
		1.37381
	],
	[
		103.89426,
		1.37367
	],
	[
		103.89426,
		1.37329
	],
	[
		103.89426,
		1.37319
	],
	[
		103.89426,
		1.373
	],
	[
		103.89394,
		1.37301
	],
	[
		103.89341,
		1.37301
	],
	[
		103.89312,
		1.37301
	],
	[
		103.89286,
		1.37302
	],
	[
		103.89275,
		1.37302
	],
	[
		103.89222,
		1.37302
	],
	[
		103.89171,
		1.37302
	],
	[
		103.89157,
		1.37302
	],
	[
		103.89133,
		1.37302
	],
	[
		103.89119,
		1.373
	],
	[
		103.89106,
		1.37294
	],
	[
		103.89089,
		1.37281
	],
	[
		103.89005,
		1.37191
	],
	[
		103.88969,
		1.37153
	],
	[
		103.88957,
		1.3714
	],
	[
		103.88956,
		1.37139
	],
	[
		103.88937,
		1.37113
	],
	[
		103.88918,
		1.37088
	],
	[
		103.88896,
		1.37058
	],
	[
		103.88876,
		1.37031
	],
	[
		103.8883,
		1.36967
	],
	[
		103.88783,
		1.36931
	],
	[
		103.88781,
		1.3693
	],
	[
		103.8874,
		1.36898
	],
	[
		103.88722,
		1.36882
	],
	[
		103.88706,
		1.36861
	],
	[
		103.8869,
		1.36818
	],
	[
		103.88718,
		1.36774
	],
	[
		103.88751,
		1.36765
	],
	[
		103.88868,
		1.36733
	],
	[
		103.88876,
		1.3673
	],
	[
		103.88876,
		1.3673
	],
	[
		103.88909,
		1.36718
	],
	[
		103.88933,
		1.36707
	],
	[
		103.88948,
		1.367
	],
	[
		103.88949,
		1.367
	],
	[
		103.88956,
		1.36695
	],
	[
		103.88973,
		1.36686
	],
	[
		103.88973,
		1.36686
	],
	[
		103.88975,
		1.36684
	],
	[
		103.8899,
		1.36673
	],
	[
		103.89069,
		1.36591
	],
	[
		103.89093,
		1.36564
	],
	[
		103.89085,
		1.36557
	],
	[
		103.89065,
		1.36538
	],
	[
		103.88973,
		1.36449
	],
	[
		103.88969,
		1.36444
	],
	[
		103.88962,
		1.36439
	],
	[
		103.88923,
		1.36406
	],
	[
		103.88877,
		1.36361
	],
	[
		103.88874,
		1.36358
	],
	[
		103.8887,
		1.36354
	],
	[
		103.88821,
		1.36306
	],
	[
		103.88817,
		1.36302
	],
	[
		103.888,
		1.36286
	],
	[
		103.88796,
		1.36282
	],
	[
		103.88791,
		1.36277
	],
	[
		103.88763,
		1.3625
	],
	[
		103.88743,
		1.3623
	],
	[
		103.88726,
		1.36214
	],
	[
		103.88699,
		1.3619
	],
	[
		103.88673,
		1.36161
	],
	[
		103.88658,
		1.36147
	],
	[
		103.88627,
		1.36118
	],
	[
		103.88622,
		1.36114
	],
	[
		103.88616,
		1.36108
	],
	[
		103.88566,
		1.36064
	],
	[
		103.88541,
		1.36043
	],
	[
		103.88535,
		1.36038
	],
	[
		103.88483,
		1.35994
	],
	[
		103.88326,
		1.35845
	],
	[
		103.88302,
		1.35822
	],
	[
		103.88295,
		1.35815
	],
	[
		103.88244,
		1.35766
	],
	[
		103.88211,
		1.35736
	],
	[
		103.88169,
		1.35697
	],
	[
		103.88136,
		1.35667
	],
	[
		103.88091,
		1.35629
	],
	[
		103.88076,
		1.35614
	],
	[
		103.88072,
		1.3561
	],
	[
		103.88066,
		1.35604
	],
	[
		103.88058,
		1.35596
	],
	[
		103.88016,
		1.35562
	],
	[
		103.87994,
		1.35543
	],
	[
		103.8799,
		1.3554
	],
	[
		103.87987,
		1.35537
	],
	[
		103.87954,
		1.3551
	],
	[
		103.87932,
		1.35491
	],
	[
		103.87891,
		1.3545
	],
	[
		103.87844,
		1.35409
	],
	[
		103.87818,
		1.35379
	],
	[
		103.87793,
		1.35355
	],
	[
		103.87776,
		1.35339
	],
	[
		103.87724,
		1.35291
	],
	[
		103.87663,
		1.35237
	],
	[
		103.8763,
		1.35209
	],
	[
		103.87591,
		1.35174
	],
	[
		103.8756,
		1.35147
	],
	[
		103.87457,
		1.35051
	],
	[
		103.87415,
		1.35004
	],
	[
		103.87397,
		1.34983
	],
	[
		103.87377,
		1.35006
	],
	[
		103.87353,
		1.35035
	],
	[
		103.87335,
		1.35058
	],
	[
		103.87284,
		1.35122
	],
	[
		103.87279,
		1.35128
	],
	[
		103.87271,
		1.35143
	],
	[
		103.87266,
		1.35151
	],
	[
		103.87259,
		1.3517
	],
	[
		103.87259,
		1.35183
	],
	[
		103.87259,
		1.35214
	],
	[
		103.8726,
		1.35228
	],
	[
		103.87266,
		1.35272
	],
	[
		103.87273,
		1.35331
	],
	[
		103.87278,
		1.35376
	],
	[
		103.87278,
		1.35376
	],
	[
		103.87278,
		1.35376
	],
	[
		103.87288,
		1.35412
	],
	[
		103.87292,
		1.35427
	],
	[
		103.87299,
		1.35452
	],
	[
		103.87322,
		1.35509
	],
	[
		103.87344,
		1.35549
	],
	[
		103.87348,
		1.35556
	],
	[
		103.87357,
		1.35552
	],
	[
		103.87383,
		1.35538
	],
	[
		103.87397,
		1.35528
	],
	[
		103.87443,
		1.35483
	],
	[
		103.87444,
		1.35481
	],
	[
		103.87449,
		1.35476
	],
	[
		103.87477,
		1.35444
	],
	[
		103.87605,
		1.35298
	],
	[
		103.87628,
		1.35284
	],
	[
		103.87643,
		1.3528
	],
	[
		103.87662,
		1.35283
	],
	[
		103.87675,
		1.35295
	],
	[
		103.8773,
		1.35344
	],
	[
		103.87782,
		1.35389
	],
	[
		103.87807,
		1.35408
	],
	[
		103.87829,
		1.35425
	],
	[
		103.87862,
		1.35451
	],
	[
		103.87889,
		1.35469
	],
	[
		103.87932,
		1.35491
	],
	[
		103.87954,
		1.3551
	],
	[
		103.87987,
		1.35537
	],
	[
		103.8799,
		1.3554
	],
	[
		103.87994,
		1.35543
	],
	[
		103.88016,
		1.35562
	],
	[
		103.88058,
		1.35596
	],
	[
		103.88066,
		1.35604
	],
	[
		103.88072,
		1.3561
	],
	[
		103.88076,
		1.35614
	],
	[
		103.88091,
		1.35629
	],
	[
		103.88136,
		1.35667
	],
	[
		103.88169,
		1.35697
	],
	[
		103.88211,
		1.35736
	],
	[
		103.88244,
		1.35766
	],
	[
		103.88295,
		1.35815
	],
	[
		103.88302,
		1.35822
	],
	[
		103.88326,
		1.35845
	],
	[
		103.88483,
		1.35994
	],
	[
		103.88535,
		1.36038
	],
	[
		103.88541,
		1.36043
	],
	[
		103.88566,
		1.36064
	],
	[
		103.88616,
		1.36108
	],
	[
		103.88622,
		1.36114
	],
	[
		103.88627,
		1.36118
	],
	[
		103.88658,
		1.36147
	],
	[
		103.88673,
		1.36161
	],
	[
		103.88699,
		1.3619
	],
	[
		103.88726,
		1.36214
	],
	[
		103.88743,
		1.3623
	],
	[
		103.88763,
		1.3625
	],
	[
		103.88791,
		1.36277
	],
	[
		103.88796,
		1.36282
	],
	[
		103.888,
		1.36286
	],
	[
		103.88817,
		1.36302
	],
	[
		103.88821,
		1.36306
	],
	[
		103.8887,
		1.36354
	],
	[
		103.88874,
		1.36358
	],
	[
		103.88877,
		1.36361
	],
	[
		103.88923,
		1.36406
	],
	[
		103.88962,
		1.36439
	],
	[
		103.88969,
		1.36444
	],
	[
		103.88973,
		1.36449
	],
	[
		103.89065,
		1.36538
	],
	[
		103.89069,
		1.3657
	],
	[
		103.89069,
		1.36591
	],
	[
		103.8899,
		1.36673
	],
	[
		103.88975,
		1.36684
	],
	[
		103.88973,
		1.36686
	],
	[
		103.88973,
		1.36686
	],
	[
		103.88956,
		1.36695
	],
	[
		103.88949,
		1.367
	],
	[
		103.88948,
		1.367
	],
	[
		103.88933,
		1.36707
	],
	[
		103.88909,
		1.36718
	],
	[
		103.88876,
		1.3673
	],
	[
		103.88868,
		1.36733
	],
	[
		103.88751,
		1.36765
	],
	[
		103.88718,
		1.36774
	],
	[
		103.88693,
		1.36779
	],
	[
		103.88682,
		1.36782
	],
	[
		103.8869,
		1.36818
	],
	[
		103.88706,
		1.36861
	],
	[
		103.88722,
		1.36882
	],
	[
		103.8874,
		1.36898
	],
	[
		103.88781,
		1.3693
	],
	[
		103.88783,
		1.36931
	],
	[
		103.8883,
		1.36967
	],
	[
		103.88876,
		1.37031
	],
	[
		103.88896,
		1.37058
	],
	[
		103.88918,
		1.37088
	],
	[
		103.88937,
		1.37113
	],
	[
		103.88956,
		1.37139
	],
	[
		103.88957,
		1.3714
	],
	[
		103.88969,
		1.37153
	],
	[
		103.89005,
		1.37191
	],
	[
		103.89089,
		1.37281
	],
	[
		103.89106,
		1.37294
	],
	[
		103.89119,
		1.373
	],
	[
		103.89133,
		1.37302
	],
	[
		103.89157,
		1.37302
	],
	[
		103.89171,
		1.37302
	],
	[
		103.89222,
		1.37302
	],
	[
		103.89275,
		1.37302
	],
	[
		103.89286,
		1.37302
	],
	[
		103.89312,
		1.37301
	],
	[
		103.89341,
		1.37301
	],
	[
		103.89394,
		1.37301
	],
	[
		103.89413,
		1.37315
	],
	[
		103.89426,
		1.37329
	],
	[
		103.89426,
		1.37367
	],
	[
		103.89429,
		1.37381
	],
	[
		103.89435,
		1.37393
	],
	[
		103.89474,
		1.37439
	],
	[
		103.89477,
		1.37443
	],
	[
		103.89479,
		1.37446
	],
	[
		103.89514,
		1.37488
	],
	[
		103.89522,
		1.37497
	],
	[
		103.89542,
		1.3752
	],
	[
		103.89548,
		1.37527
	],
	[
		103.89551,
		1.37532
	],
	[
		103.89563,
		1.37545
	],
	[
		103.89585,
		1.37577
	],
	[
		103.89602,
		1.37603
	],
	[
		103.89615,
		1.37623
	],
	[
		103.8962,
		1.37631
	],
	[
		103.89623,
		1.37636
	],
	[
		103.89642,
		1.37666
	],
	[
		103.89665,
		1.37706
	],
	[
		103.8967,
		1.37721
	],
	[
		103.89674,
		1.37783
	],
	[
		103.89674,
		1.37787
	],
	[
		103.89676,
		1.37819
	],
	[
		103.89676,
		1.3783
	],
	[
		103.89676,
		1.37831
	],
	[
		103.89678,
		1.37844
	],
	[
		103.89684,
		1.37891
	],
	[
		103.89689,
		1.37922
	],
	[
		103.89691,
		1.3794
	],
	[
		103.89693,
		1.37956
	],
	[
		103.89697,
		1.37986
	],
	[
		103.89707,
		1.38047
	],
	[
		103.8972,
		1.38101
	],
	[
		103.89733,
		1.38152
	],
	[
		103.89733,
		1.38152
	],
	[
		103.89734,
		1.38153
	],
	[
		103.89735,
		1.38157
	],
	[
		103.89758,
		1.38214
	],
	[
		103.89813,
		1.38267
	],
	[
		103.89836,
		1.38287
	],
	[
		103.89849,
		1.38298
	],
	[
		103.8986,
		1.38306
	],
	[
		103.89881,
		1.38322
	],
	[
		103.89889,
		1.38328
	],
	[
		103.89948,
		1.38372
	],
	[
		103.89971,
		1.38393
	],
	[
		103.89997,
		1.38418
	],
	[
		103.90041,
		1.38462
	],
	[
		103.90051,
		1.38472
	],
	[
		103.90097,
		1.38517
	],
	[
		103.90122,
		1.38546
	],
	[
		103.90138,
		1.38568
	],
	[
		103.90149,
		1.3859
	],
	[
		103.90159,
		1.38613
	],
	[
		103.90164,
		1.38625
	],
	[
		103.90166,
		1.38638
	],
	[
		103.90169,
		1.3866
	],
	[
		103.90176,
		1.3871
	],
	[
		103.9018,
		1.38735
	],
	[
		103.90181,
		1.38744
	],
	[
		103.90186,
		1.3885
	],
	[
		103.90189,
		1.38875
	],
	[
		103.90181,
		1.3896
	],
	[
		103.90176,
		1.38987
	],
	[
		103.90176,
		1.38988
	],
	[
		103.90175,
		1.38991
	],
	[
		103.90162,
		1.39056
	],
	[
		103.90155,
		1.3909
	],
	[
		103.90152,
		1.39104
	],
	[
		103.90148,
		1.3912
	],
	[
		103.90144,
		1.39139
	],
	[
		103.90139,
		1.39158
	],
	[
		103.90133,
		1.39184
	],
	[
		103.90127,
		1.39214
	],
	[
		103.9012,
		1.39256
	],
	[
		103.90117,
		1.39276
	],
	[
		103.90115,
		1.39295
	],
	[
		103.90115,
		1.39309
	],
	[
		103.90116,
		1.39318
	],
	[
		103.9012,
		1.39352
	],
	[
		103.90127,
		1.39379
	],
	[
		103.90134,
		1.39402
	],
	[
		103.9014,
		1.39418
	],
	[
		103.90159,
		1.39445
	],
	[
		103.90173,
		1.39461
	],
	[
		103.90194,
		1.39481
	],
	[
		103.90195,
		1.39482
	],
	[
		103.90216,
		1.39502
	],
	[
		103.90228,
		1.39514
	],
	[
		103.90229,
		1.39515
	],
	[
		103.90249,
		1.39535
	],
	[
		103.9029,
		1.39579
	],
	[
		103.90306,
		1.39602
	],
	[
		103.90336,
		1.39643
	],
	[
		103.90338,
		1.39646
	],
	[
		103.90345,
		1.39661
	],
	[
		103.90372,
		1.39715
	],
	[
		103.90378,
		1.39728
	],
	[
		103.90381,
		1.39733
	],
	[
		103.90408,
		1.39791
	],
	[
		103.90431,
		1.39838
	],
	[
		103.90431,
		1.39838
	],
	[
		103.90434,
		1.39844
	],
	[
		103.90461,
		1.399
	],
	[
		103.90486,
		1.3995
	],
	[
		103.90483,
		1.39974
	],
	[
		103.90476,
		1.39997
	],
	[
		103.90454,
		1.40019
	],
	[
		103.90394,
		1.40052
	],
	[
		103.9039,
		1.40054
	],
	[
		103.90354,
		1.40074
	],
	[
		103.90253,
		1.40122
	],
	[
		103.90216,
		1.40141
	],
	[
		103.90205,
		1.40147
	],
	[
		103.90228,
		1.40188
	],
	[
		103.90302,
		1.40311
	],
	[
		103.90234,
		1.40349
	],
	[
		103.90228,
		1.40376
	]
]