[
	[
		103.90228,
		1.40376
	],
	[
		103.90234,
		1.40349
	],
	[
		103.90302,
		1.40311
	],
	[
		103.90359,
		1.40404
	],
	[
		103.90365,
		1.40415
	],
	[
		103.90373,
		1.40428
	],
	[
		103.90374,
		1.40431
	],
	[
		103.90376,
		1.40434
	],
	[
		103.90382,
		1.40443
	],
	[
		103.90391,
		1.40437
	],
	[
		103.90393,
		1.40436
	],
	[
		103.90413,
		1.40423
	],
	[
		103.90427,
		1.40414
	],
	[
		103.90456,
		1.40397
	],
	[
		103.90471,
		1.40387
	],
	[
		103.90563,
		1.4033
	],
	[
		103.90578,
		1.40321
	],
	[
		103.90595,
		1.4031
	],
	[
		103.90618,
		1.40296
	],
	[
		103.90621,
		1.40293
	],
	[
		103.90629,
		1.40288
	],
	[
		103.90635,
		1.40284
	],
	[
		103.90638,
		1.40282
	],
	[
		103.90659,
		1.40267
	],
	[
		103.90675,
		1.40255
	],
	[
		103.90772,
		1.40186
	],
	[
		103.90772,
		1.40185
	],
	[
		103.90775,
		1.40184
	],
	[
		103.90861,
		1.40122
	],
	[
		103.90876,
		1.40111
	],
	[
		103.90889,
		1.40101
	],
	[
		103.90891,
		1.401
	],
	[
		103.90904,
		1.40091
	],
	[
		103.90915,
		1.40083
	],
	[
		103.90919,
		1.4008
	],
	[
		103.90929,
		1.40073
	],
	[
		103.9094,
		1.40065
	],
	[
		103.90992,
		1.40028
	],
	[
		103.91055,
		1.39983
	],
	[
		103.91056,
		1.39982
	],
	[
		103.91065,
		1.39976
	],
	[
		103.91112,
		1.39942
	],
	[
		103.91262,
		1.39834
	],
	[
		103.91271,
		1.39827
	],
	[
		103.91283,
		1.39819
	],
	[
		103.91286,
		1.39817
	],
	[
		103.91292,
		1.39812
	],
	[
		103.91298,
		1.39809
	],
	[
		103.913,
		1.39807
	],
	[
		103.91315,
		1.39796
	],
	[
		103.91326,
		1.39789
	],
	[
		103.9146,
		1.39693
	],
	[
		103.9147,
		1.39686
	],
	[
		103.91472,
		1.39685
	],
	[
		103.91475,
		1.39682
	],
	[
		103.91634,
		1.39568
	],
	[
		103.91646,
		1.3956
	],
	[
		103.91665,
		1.39548
	],
	[
		103.91666,
		1.39547
	],
	[
		103.91669,
		1.39545
	],
	[
		103.91677,
		1.3954
	],
	[
		103.91674,
		1.39536
	],
	[
		103.9167,
		1.39529
	],
	[
		103.91656,
		1.3951
	],
	[
		103.91647,
		1.39496
	],
	[
		103.91591,
		1.3942
	],
	[
		103.91591,
		1.39419
	],
	[
		103.9159,
		1.39418
	],
	[
		103.9151,
		1.39309
	],
	[
		103.91478,
		1.39266
	],
	[
		103.9147,
		1.39253
	],
	[
		103.91461,
		1.39239
	],
	[
		103.9146,
		1.39238
	],
	[
		103.91458,
		1.39235
	],
	[
		103.91455,
		1.3923
	],
	[
		103.9145,
		1.39234
	],
	[
		103.91448,
		1.39235
	],
	[
		103.91428,
		1.39251
	],
	[
		103.91417,
		1.39261
	],
	[
		103.91346,
		1.39319
	],
	[
		103.91241,
		1.39405
	],
	[
		103.91201,
		1.39439
	],
	[
		103.91199,
		1.3944
	],
	[
		103.91176,
		1.3946
	],
	[
		103.91161,
		1.39473
	],
	[
		103.91121,
		1.39506
	],
	[
		103.91112,
		1.39513
	],
	[
		103.91101,
		1.39522
	],
	[
		103.91096,
		1.39526
	],
	[
		103.91093,
		1.39528
	],
	[
		103.9109,
		1.3953
	],
	[
		103.91089,
		1.39531
	],
	[
		103.9107,
		1.39546
	],
	[
		103.91059,
		1.39554
	],
	[
		103.90995,
		1.39606
	],
	[
		103.90968,
		1.39628
	],
	[
		103.90937,
		1.39653
	],
	[
		103.90934,
		1.39656
	],
	[
		103.9085,
		1.39724
	],
	[
		103.90849,
		1.39725
	],
	[
		103.90749,
		1.39809
	],
	[
		103.90739,
		1.39816
	],
	[
		103.90722,
		1.39829
	],
	[
		103.90721,
		1.3983
	],
	[
		103.90718,
		1.39832
	],
	[
		103.90714,
		1.39836
	],
	[
		103.90713,
		1.39836
	],
	[
		103.90692,
		1.39853
	],
	[
		103.90679,
		1.39863
	],
	[
		103.90674,
		1.39868
	],
	[
		103.90668,
		1.39872
	],
	[
		103.90662,
		1.39877
	],
	[
		103.90645,
		1.39891
	],
	[
		103.90637,
		1.39897
	],
	[
		103.90621,
		1.39913
	],
	[
		103.90589,
		1.39936
	],
	[
		103.90566,
		1.39956
	],
	[
		103.90547,
		1.39969
	],
	[
		103.90532,
		1.39967
	],
	[
		103.90523,
		1.39966
	],
	[
		103.90503,
		1.39961
	],
	[
		103.905,
		1.39959
	],
	[
		103.90486,
		1.3995
	],
	[
		103.90462,
		1.39902
	],
	[
		103.90461,
		1.399
	],
	[
		103.90434,
		1.39844
	],
	[
		103.90431,
		1.39838
	],
	[
		103.90408,
		1.39791
	],
	[
		103.90395,
		1.39765
	],
	[
		103.90386,
		1.39744
	],
	[
		103.90385,
		1.39743
	],
	[
		103.90378,
		1.39728
	],
	[
		103.90372,
		1.39715
	],
	[
		103.90362,
		1.39696
	],
	[
		103.90356,
		1.39682
	],
	[
		103.90345,
		1.39661
	],
	[
		103.90338,
		1.39646
	],
	[
		103.90327,
		1.39631
	],
	[
		103.90327,
		1.39631
	],
	[
		103.90317,
		1.39617
	],
	[
		103.90306,
		1.39602
	],
	[
		103.9029,
		1.39579
	],
	[
		103.90249,
		1.39535
	],
	[
		103.90229,
		1.39515
	],
	[
		103.90228,
		1.39514
	],
	[
		103.90227,
		1.39513
	],
	[
		103.90216,
		1.39502
	],
	[
		103.90194,
		1.39481
	],
	[
		103.90173,
		1.39461
	],
	[
		103.90161,
		1.39451
	],
	[
		103.90143,
		1.39436
	],
	[
		103.90127,
		1.3943
	],
	[
		103.90126,
		1.3943
	],
	[
		103.9012,
		1.3943
	],
	[
		103.90103,
		1.3943
	],
	[
		103.90042,
		1.39453
	],
	[
		103.90036,
		1.39455
	],
	[
		103.90016,
		1.39463
	],
	[
		103.89996,
		1.3947
	],
	[
		103.89946,
		1.39487
	],
	[
		103.89933,
		1.3949
	],
	[
		103.89919,
		1.39493
	],
	[
		103.89916,
		1.39493
	],
	[
		103.89907,
		1.39495
	],
	[
		103.89899,
		1.39497
	],
	[
		103.89896,
		1.39498
	],
	[
		103.89884,
		1.395
	],
	[
		103.89874,
		1.39503
	],
	[
		103.89743,
		1.39534
	],
	[
		103.89741,
		1.39535
	],
	[
		103.89734,
		1.39536
	],
	[
		103.89614,
		1.39565
	],
	[
		103.89585,
		1.39572
	],
	[
		103.89511,
		1.39589
	],
	[
		103.89491,
		1.39586
	],
	[
		103.89489,
		1.39585
	],
	[
		103.89489,
		1.39585
	],
	[
		103.89473,
		1.39583
	],
	[
		103.89461,
		1.39577
	],
	[
		103.89454,
		1.39569
	],
	[
		103.89442,
		1.39555
	],
	[
		103.89428,
		1.39519
	],
	[
		103.89422,
		1.39501
	],
	[
		103.89422,
		1.395
	],
	[
		103.89404,
		1.39449
	],
	[
		103.89403,
		1.39444
	],
	[
		103.894,
		1.39437
	],
	[
		103.89381,
		1.39385
	],
	[
		103.89375,
		1.39366
	],
	[
		103.89367,
		1.39342
	],
	[
		103.89366,
		1.39338
	],
	[
		103.89365,
		1.39334
	],
	[
		103.89362,
		1.39327
	],
	[
		103.89361,
		1.39324
	],
	[
		103.89357,
		1.39311
	],
	[
		103.89352,
		1.39297
	],
	[
		103.89331,
		1.39236
	],
	[
		103.89331,
		1.39235
	],
	[
		103.89319,
		1.39199
	],
	[
		103.89311,
		1.39177
	],
	[
		103.89313,
		1.39156
	],
	[
		103.89313,
		1.39155
	],
	[
		103.89322,
		1.39131
	],
	[
		103.89333,
		1.39117
	],
	[
		103.89377,
		1.39102
	],
	[
		103.89389,
		1.39098
	],
	[
		103.89399,
		1.39095
	],
	[
		103.89408,
		1.39091
	],
	[
		103.89414,
		1.39089
	],
	[
		103.89433,
		1.39082
	],
	[
		103.89443,
		1.39079
	],
	[
		103.89462,
		1.39072
	],
	[
		103.89588,
		1.39027
	],
	[
		103.89588,
		1.39027
	],
	[
		103.89603,
		1.3903
	],
	[
		103.8961,
		1.39031
	],
	[
		103.89626,
		1.39039
	],
	[
		103.89633,
		1.39045
	],
	[
		103.8964,
		1.39053
	],
	[
		103.89654,
		1.39095
	],
	[
		103.89666,
		1.39131
	],
	[
		103.89643,
		1.39138
	],
	[
		103.89666,
		1.39131
	],
	[
		103.89654,
		1.39095
	],
	[
		103.8964,
		1.39053
	],
	[
		103.89632,
		1.3903
	],
	[
		103.89631,
		1.39027
	],
	[
		103.89631,
		1.39026
	],
	[
		103.89629,
		1.39021
	],
	[
		103.89629,
		1.3902
	],
	[
		103.89626,
		1.39013
	],
	[
		103.89588,
		1.39027
	],
	[
		103.89462,
		1.39072
	],
	[
		103.89443,
		1.39079
	],
	[
		103.89433,
		1.39082
	],
	[
		103.89414,
		1.39089
	],
	[
		103.89408,
		1.39091
	],
	[
		103.89399,
		1.39095
	],
	[
		103.89389,
		1.39098
	],
	[
		103.89377,
		1.39102
	],
	[
		103.89333,
		1.39117
	],
	[
		103.89295,
		1.39131
	],
	[
		103.89311,
		1.39177
	],
	[
		103.89319,
		1.39199
	],
	[
		103.89331,
		1.39236
	],
	[
		103.89352,
		1.39297
	],
	[
		103.89357,
		1.39311
	],
	[
		103.89361,
		1.39324
	],
	[
		103.89362,
		1.39327
	],
	[
		103.89365,
		1.39334
	],
	[
		103.89366,
		1.39338
	],
	[
		103.89367,
		1.39342
	],
	[
		103.89375,
		1.39366
	],
	[
		103.89381,
		1.39385
	],
	[
		103.894,
		1.39437
	],
	[
		103.89401,
		1.39439
	],
	[
		103.89403,
		1.39444
	],
	[
		103.89404,
		1.39449
	],
	[
		103.89422,
		1.39501
	],
	[
		103.89428,
		1.39519
	],
	[
		103.89442,
		1.39555
	],
	[
		103.89454,
		1.39569
	],
	[
		103.89461,
		1.39577
	],
	[
		103.89473,
		1.39583
	],
	[
		103.89489,
		1.39585
	],
	[
		103.89489,
		1.39585
	],
	[
		103.89491,
		1.39586
	],
	[
		103.89511,
		1.39589
	],
	[
		103.89585,
		1.39572
	],
	[
		103.89614,
		1.39565
	],
	[
		103.89734,
		1.39536
	],
	[
		103.89736,
		1.39536
	],
	[
		103.89743,
		1.39534
	],
	[
		103.89874,
		1.39503
	],
	[
		103.89884,
		1.395
	],
	[
		103.89896,
		1.39498
	],
	[
		103.89899,
		1.39497
	],
	[
		103.89907,
		1.39495
	],
	[
		103.89916,
		1.39493
	],
	[
		103.89919,
		1.39493
	],
	[
		103.89933,
		1.3949
	],
	[
		103.89946,
		1.39487
	],
	[
		103.89987,
		1.39473
	],
	[
		103.90016,
		1.39463
	],
	[
		103.90036,
		1.39455
	],
	[
		103.90042,
		1.39453
	],
	[
		103.90103,
		1.3943
	],
	[
		103.9012,
		1.3943
	],
	[
		103.90126,
		1.3943
	],
	[
		103.90127,
		1.3943
	],
	[
		103.90143,
		1.39436
	],
	[
		103.90161,
		1.39451
	],
	[
		103.90173,
		1.39461
	],
	[
		103.90189,
		1.39476
	],
	[
		103.90194,
		1.39481
	],
	[
		103.90216,
		1.39502
	],
	[
		103.90228,
		1.39514
	],
	[
		103.90229,
		1.39515
	],
	[
		103.90249,
		1.39535
	],
	[
		103.9029,
		1.39579
	],
	[
		103.90306,
		1.39602
	],
	[
		103.90317,
		1.39617
	],
	[
		103.90327,
		1.39631
	],
	[
		103.90327,
		1.39631
	],
	[
		103.90338,
		1.39646
	],
	[
		103.90345,
		1.39661
	],
	[
		103.90356,
		1.39682
	],
	[
		103.90362,
		1.39696
	],
	[
		103.90372,
		1.39715
	],
	[
		103.90378,
		1.39728
	],
	[
		103.90385,
		1.39743
	],
	[
		103.90386,
		1.39744
	],
	[
		103.90395,
		1.39765
	],
	[
		103.90408,
		1.39791
	],
	[
		103.90431,
		1.39838
	],
	[
		103.90431,
		1.39838
	],
	[
		103.90434,
		1.39844
	],
	[
		103.90461,
		1.399
	],
	[
		103.90486,
		1.3995
	],
	[
		103.90492,
		1.39964
	],
	[
		103.90499,
		1.3998
	],
	[
		103.905,
		1.39981
	],
	[
		103.90501,
		1.39984
	],
	[
		103.90505,
		1.39992
	],
	[
		103.90511,
		1.39989
	],
	[
		103.90515,
		1.39987
	],
	[
		103.90533,
		1.39976
	],
	[
		103.90547,
		1.39969
	],
	[
		103.90566,
		1.39956
	],
	[
		103.90589,
		1.39936
	],
	[
		103.90621,
		1.39913
	],
	[
		103.90637,
		1.39897
	],
	[
		103.90645,
		1.39891
	],
	[
		103.90649,
		1.39888
	],
	[
		103.90662,
		1.39877
	],
	[
		103.90674,
		1.39868
	],
	[
		103.90679,
		1.39863
	],
	[
		103.90692,
		1.39853
	],
	[
		103.90713,
		1.39836
	],
	[
		103.90714,
		1.39836
	],
	[
		103.90718,
		1.39832
	],
	[
		103.90721,
		1.3983
	],
	[
		103.90722,
		1.39829
	],
	[
		103.90739,
		1.39816
	],
	[
		103.90749,
		1.39809
	],
	[
		103.90849,
		1.39725
	],
	[
		103.9085,
		1.39724
	],
	[
		103.90937,
		1.39653
	],
	[
		103.90962,
		1.39633
	],
	[
		103.90968,
		1.39628
	],
	[
		103.90995,
		1.39606
	],
	[
		103.91059,
		1.39554
	],
	[
		103.9107,
		1.39546
	],
	[
		103.91089,
		1.39531
	],
	[
		103.9109,
		1.3953
	],
	[
		103.91093,
		1.39528
	],
	[
		103.91096,
		1.39526
	],
	[
		103.91101,
		1.39522
	],
	[
		103.91112,
		1.39513
	],
	[
		103.91121,
		1.39506
	],
	[
		103.91161,
		1.39473
	],
	[
		103.91199,
		1.3944
	],
	[
		103.91201,
		1.39439
	],
	[
		103.91204,
		1.39436
	],
	[
		103.91241,
		1.39405
	],
	[
		103.91346,
		1.39319
	],
	[
		103.91417,
		1.39261
	],
	[
		103.91431,
		1.39258
	],
	[
		103.91441,
		1.39256
	],
	[
		103.91459,
		1.39257
	],
	[
		103.91467,
		1.39261
	],
	[
		103.91478,
		1.39266
	],
	[
		103.9151,
		1.39309
	],
	[
		103.9159,
		1.39418
	],
	[
		103.91591,
		1.39419
	],
	[
		103.91591,
		1.3942
	],
	[
		103.91647,
		1.39496
	],
	[
		103.91647,
		1.39512
	],
	[
		103.91646,
		1.39531
	],
	[
		103.91642,
		1.39549
	],
	[
		103.91641,
		1.39552
	],
	[
		103.91634,
		1.39568
	],
	[
		103.91476,
		1.39682
	],
	[
		103.91475,
		1.39682
	],
	[
		103.91472,
		1.39685
	],
	[
		103.9146,
		1.39693
	],
	[
		103.91326,
		1.39789
	],
	[
		103.91315,
		1.39796
	],
	[
		103.913,
		1.39807
	],
	[
		103.91298,
		1.39809
	],
	[
		103.91292,
		1.39812
	],
	[
		103.91286,
		1.39817
	],
	[
		103.91283,
		1.39819
	],
	[
		103.91271,
		1.39827
	],
	[
		103.91262,
		1.39834
	],
	[
		103.91114,
		1.3994
	],
	[
		103.91112,
		1.39942
	],
	[
		103.91065,
		1.39976
	],
	[
		103.91055,
		1.39983
	],
	[
		103.90992,
		1.40028
	],
	[
		103.9094,
		1.40065
	],
	[
		103.90929,
		1.40073
	],
	[
		103.90919,
		1.4008
	],
	[
		103.90915,
		1.40083
	],
	[
		103.90904,
		1.40091
	],
	[
		103.90891,
		1.401
	],
	[
		103.90889,
		1.40101
	],
	[
		103.90876,
		1.40111
	],
	[
		103.90861,
		1.40122
	],
	[
		103.90774,
		1.40184
	],
	[
		103.90772,
		1.40185
	],
	[
		103.90772,
		1.40186
	],
	[
		103.90675,
		1.40255
	],
	[
		103.90659,
		1.40267
	],
	[
		103.90638,
		1.40282
	],
	[
		103.90635,
		1.40284
	],
	[
		103.90629,
		1.40288
	],
	[
		103.90621,
		1.40293
	],
	[
		103.90618,
		1.40296
	],
	[
		103.90595,
		1.4031
	],
	[
		103.90578,
		1.40321
	],
	[
		103.90563,
		1.4033
	],
	[
		103.90561,
		1.40331
	],
	[
		103.90471,
		1.40387
	],
	[
		103.90427,
		1.40414
	],
	[
		103.90414,
		1.40417
	],
	[
		103.90408,
		1.40418
	],
	[
		103.90398,
		1.4042
	],
	[
		103.90383,
		1.40417
	],
	[
		103.90378,
		1.40414
	],
	[
		103.90359,
		1.40404
	],
	[
		103.90302,
		1.40311
	],
	[
		103.90234,
		1.40349
	],
	[
		103.90228,
		1.40376
	]
]