[
	[
		103.90228,
		1.40376
	],
	[
		103.90234,
		1.40349
	],
	[
		103.90302,
		1.40311
	],
	[
		103.90359,
		1.40404
	],
	[
		103.90382,
		1.40443
	],
	[
		103.90398,
		1.40433
	],
	[
		103.90427,
		1.40414
	],
	[
		103.90471,
		1.40387
	],
	[
		103.90471,
		1.40387
	],
	[
		103.90531,
		1.4035
	],
	[
		103.90542,
		1.40343
	],
	[
		103.90578,
		1.40321
	],
	[
		103.90616,
		1.40297
	],
	[
		103.90629,
		1.40288
	],
	[
		103.9064,
		1.4028
	],
	[
		103.90675,
		1.40255
	],
	[
		103.90715,
		1.40227
	],
	[
		103.90741,
		1.40208
	],
	[
		103.90772,
		1.40185
	],
	[
		103.90861,
		1.40122
	],
	[
		103.90886,
		1.40103
	],
	[
		103.90904,
		1.40091
	],
	[
		103.90921,
		1.40079
	],
	[
		103.9094,
		1.40065
	],
	[
		103.90992,
		1.40028
	],
	[
		103.9105,
		1.39987
	],
	[
		103.91055,
		1.39983
	],
	[
		103.91065,
		1.39976
	],
	[
		103.91139,
		1.39922
	],
	[
		103.91262,
		1.39834
	],
	[
		103.91281,
		1.3982
	],
	[
		103.91292,
		1.39812
	],
	[
		103.91302,
		1.39805
	],
	[
		103.91326,
		1.39789
	],
	[
		103.9146,
		1.39693
	],
	[
		103.91472,
		1.39685
	],
	[
		103.91484,
		1.39677
	],
	[
		103.9155,
		1.39628
	],
	[
		103.91585,
		1.39603
	],
	[
		103.91634,
		1.39568
	],
	[
		103.9166,
		1.39551
	],
	[
		103.91677,
		1.3954
	],
	[
		103.91667,
		1.39526
	],
	[
		103.91647,
		1.39496
	],
	[
		103.91628,
		1.39471
	],
	[
		103.9162,
		1.39459
	],
	[
		103.91591,
		1.3942
	],
	[
		103.91546,
		1.39357
	],
	[
		103.91542,
		1.39353
	],
	[
		103.91508,
		1.39305
	],
	[
		103.91478,
		1.39266
	],
	[
		103.91461,
		1.3924
	],
	[
		103.91455,
		1.3923
	],
	[
		103.91443,
		1.39239
	],
	[
		103.91417,
		1.39261
	],
	[
		103.91368,
		1.39301
	],
	[
		103.91346,
		1.39319
	],
	[
		103.91338,
		1.39325
	],
	[
		103.91241,
		1.39405
	],
	[
		103.912,
		1.39441
	],
	[
		103.91199,
		1.39441
	],
	[
		103.91166,
		1.3947
	],
	[
		103.91121,
		1.39506
	],
	[
		103.91107,
		1.39517
	],
	[
		103.91093,
		1.39528
	],
	[
		103.91084,
		1.39535
	],
	[
		103.91059,
		1.39554
	],
	[
		103.90995,
		1.39606
	],
	[
		103.90968,
		1.39628
	],
	[
		103.90931,
		1.39659
	],
	[
		103.90849,
		1.39725
	],
	[
		103.90805,
		1.39762
	],
	[
		103.90749,
		1.39809
	],
	[
		103.90726,
		1.39826
	],
	[
		103.90718,
		1.39832
	],
	[
		103.90711,
		1.39837
	],
	[
		103.90679,
		1.39863
	],
	[
		103.90674,
		1.39868
	],
	[
		103.9067,
		1.3987
	],
	[
		103.90645,
		1.39891
	],
	[
		103.90637,
		1.39897
	],
	[
		103.90621,
		1.39913
	],
	[
		103.90589,
		1.39936
	],
	[
		103.90566,
		1.39956
	],
	[
		103.90547,
		1.39969
	],
	[
		103.90523,
		1.39966
	],
	[
		103.90503,
		1.39961
	],
	[
		103.90486,
		1.3995
	],
	[
		103.90463,
		1.39903
	],
	[
		103.90461,
		1.399
	],
	[
		103.90434,
		1.39844
	],
	[
		103.90408,
		1.39791
	],
	[
		103.90381,
		1.39733
	],
	[
		103.90378,
		1.39728
	],
	[
		103.90372,
		1.39715
	],
	[
		103.90345,
		1.39661
	],
	[
		103.90338,
		1.39646
	],
	[
		103.90336,
		1.39643
	],
	[
		103.90306,
		1.39602
	],
	[
		103.9029,
		1.39579
	],
	[
		103.90249,
		1.39535
	],
	[
		103.90229,
		1.39515
	],
	[
		103.90228,
		1.39514
	],
	[
		103.90228,
		1.39514
	],
	[
		103.90216,
		1.39502
	],
	[
		103.90173,
		1.39461
	],
	[
		103.90159,
		1.39445
	],
	[
		103.9014,
		1.39418
	],
	[
		103.90128,
		1.39422
	],
	[
		103.90103,
		1.3943
	],
	[
		103.90036,
		1.39455
	],
	[
		103.90016,
		1.39463
	],
	[
		103.89946,
		1.39487
	],
	[
		103.89923,
		1.39492
	],
	[
		103.89907,
		1.39495
	],
	[
		103.89892,
		1.39499
	],
	[
		103.89874,
		1.39503
	],
	[
		103.89817,
		1.39516
	],
	[
		103.89781,
		1.39525
	],
	[
		103.89743,
		1.39534
	],
	[
		103.89614,
		1.39565
	],
	[
		103.89585,
		1.39572
	],
	[
		103.89511,
		1.39589
	],
	[
		103.89489,
		1.39585
	],
	[
		103.89473,
		1.39583
	],
	[
		103.89461,
		1.39577
	],
	[
		103.89442,
		1.39555
	],
	[
		103.89428,
		1.39519
	],
	[
		103.89415,
		1.39482
	],
	[
		103.89404,
		1.39449
	],
	[
		103.89403,
		1.39444
	],
	[
		103.89381,
		1.39385
	],
	[
		103.89371,
		1.39353
	],
	[
		103.89365,
		1.39334
	],
	[
		103.89358,
		1.39315
	],
	[
		103.89352,
		1.39297
	],
	[
		103.89331,
		1.39236
	],
	[
		103.89311,
		1.39177
	],
	[
		103.89313,
		1.39155
	],
	[
		103.89322,
		1.39131
	],
	[
		103.89333,
		1.39117
	],
	[
		103.89377,
		1.39102
	],
	[
		103.89408,
		1.39091
	],
	[
		103.89443,
		1.39079
	],
	[
		103.89588,
		1.39027
	],
	[
		103.8961,
		1.39031
	],
	[
		103.89626,
		1.39039
	],
	[
		103.8964,
		1.39053
	],
	[
		103.89654,
		1.39095
	],
	[
		103.89666,
		1.39131
	],
	[
		103.89643,
		1.39138
	]
]