[
	[
		103.82003,
		1.44772
	],
	[
		103.82015,
		1.44777
	],
	[
		103.82041,
		1.44782
	],
	[
		103.82051,
		1.44782
	],
	[
		103.82057,
		1.44774
	],
	[
		103.82062,
		1.44766
	],
	[
		103.82066,
		1.44752
	],
	[
		103.82071,
		1.44718
	],
	[
		103.8202,
		1.44712
	],
	[
		103.82018,
		1.44712
	],
	[
		103.81985,
		1.44708
	],
	[
		103.81969,
		1.44705
	],
	[
		103.81952,
		1.44704
	],
	[
		103.8193,
		1.44702
	],
	[
		103.8191,
		1.44751
	],
	[
		103.81898,
		1.44778
	],
	[
		103.81895,
		1.44784
	],
	[
		103.81882,
		1.44816
	],
	[
		103.81873,
		1.44838
	],
	[
		103.81857,
		1.44873
	],
	[
		103.81844,
		1.44903
	],
	[
		103.81858,
		1.44908
	],
	[
		103.8189,
		1.44918
	],
	[
		103.81918,
		1.44926
	],
	[
		103.81941,
		1.44931
	],
	[
		103.81995,
		1.44943
	],
	[
		103.82012,
		1.44947
	],
	[
		103.82104,
		1.44969
	],
	[
		103.8212,
		1.44985
	],
	[
		103.82129,
		1.45003
	],
	[
		103.82136,
		1.45016
	],
	[
		103.82113,
		1.45058
	],
	[
		103.82086,
		1.45103
	],
	[
		103.82047,
		1.45169
	],
	[
		103.82031,
		1.45192
	],
	[
		103.82024,
		1.45202
	],
	[
		103.82016,
		1.45215
	],
	[
		103.82004,
		1.45232
	],
	[
		103.81966,
		1.45279
	],
	[
		103.81945,
		1.45313
	],
	[
		103.81933,
		1.45331
	],
	[
		103.81926,
		1.45343
	],
	[
		103.81912,
		1.4537
	],
	[
		103.81903,
		1.454
	],
	[
		103.819,
		1.45427
	],
	[
		103.81902,
		1.45453
	],
	[
		103.81912,
		1.45481
	],
	[
		103.81922,
		1.45503
	],
	[
		103.8194,
		1.45523
	],
	[
		103.81965,
		1.45545
	],
	[
		103.81971,
		1.45554
	],
	[
		103.81974,
		1.45566
	],
	[
		103.81973,
		1.45575
	],
	[
		103.81969,
		1.45588
	],
	[
		103.81958,
		1.45601
	],
	[
		103.81925,
		1.45637
	],
	[
		103.81897,
		1.45664
	],
	[
		103.81872,
		1.45686
	],
	[
		103.81837,
		1.45639
	],
	[
		103.81828,
		1.45627
	],
	[
		103.81814,
		1.45608
	],
	[
		103.81795,
		1.45579
	],
	[
		103.81755,
		1.45518
	],
	[
		103.81737,
		1.45495
	],
	[
		103.81733,
		1.45492
	],
	[
		103.81715,
		1.4548
	],
	[
		103.817,
		1.45473
	],
	[
		103.81698,
		1.45472
	],
	[
		103.81675,
		1.45467
	],
	[
		103.81658,
		1.45466
	],
	[
		103.81638,
		1.45464
	],
	[
		103.81624,
		1.45463
	],
	[
		103.81599,
		1.45461
	],
	[
		103.81508,
		1.45454
	],
	[
		103.81511,
		1.45438
	],
	[
		103.81521,
		1.45386
	],
	[
		103.81529,
		1.45361
	],
	[
		103.8154,
		1.45339
	],
	[
		103.8155,
		1.45329
	],
	[
		103.81556,
		1.45324
	],
	[
		103.81569,
		1.45317
	],
	[
		103.81592,
		1.45306
	],
	[
		103.81677,
		1.45265
	],
	[
		103.81682,
		1.45261
	],
	[
		103.81689,
		1.45255
	],
	[
		103.81695,
		1.45249
	],
	[
		103.81701,
		1.4524
	],
	[
		103.8171,
		1.45223
	],
	[
		103.81712,
		1.45219
	],
	[
		103.81723,
		1.45193
	],
	[
		103.81751,
		1.45125
	],
	[
		103.81761,
		1.45097
	],
	[
		103.81766,
		1.45083
	],
	[
		103.81686,
		1.45054
	],
	[
		103.81683,
		1.45053
	],
	[
		103.81618,
		1.45031
	],
	[
		103.81612,
		1.45029
	],
	[
		103.81576,
		1.45016
	],
	[
		103.81525,
		1.44998
	],
	[
		103.81523,
		1.44998
	],
	[
		103.815,
		1.44989
	],
	[
		103.81475,
		1.4498
	],
	[
		103.81457,
		1.44974
	],
	[
		103.81445,
		1.44966
	],
	[
		103.81438,
		1.44959
	],
	[
		103.81432,
		1.44946
	],
	[
		103.81427,
		1.44928
	],
	[
		103.81427,
		1.44915
	],
	[
		103.81447,
		1.4481
	],
	[
		103.81447,
		1.44795
	],
	[
		103.81459,
		1.44728
	],
	[
		103.81464,
		1.44702
	],
	[
		103.81465,
		1.44695
	],
	[
		103.81478,
		1.44621
	],
	[
		103.81479,
		1.44617
	],
	[
		103.81484,
		1.44601
	],
	[
		103.81487,
		1.44593
	],
	[
		103.81504,
		1.44564
	],
	[
		103.81525,
		1.44544
	],
	[
		103.81536,
		1.44536
	],
	[
		103.81568,
		1.44521
	],
	[
		103.81579,
		1.44516
	],
	[
		103.81579,
		1.44516
	],
	[
		103.81624,
		1.44496
	],
	[
		103.81676,
		1.44472
	],
	[
		103.81695,
		1.44463
	],
	[
		103.81711,
		1.44455
	],
	[
		103.81749,
		1.44438
	],
	[
		103.8178,
		1.44424
	],
	[
		103.81804,
		1.44416
	],
	[
		103.8182,
		1.44414
	],
	[
		103.8184,
		1.44415
	],
	[
		103.81859,
		1.44419
	],
	[
		103.81912,
		1.44442
	],
	[
		103.81947,
		1.44457
	],
	[
		103.8196,
		1.44462
	],
	[
		103.82021,
		1.44488
	],
	[
		103.82016,
		1.445
	],
	[
		103.81978,
		1.44587
	],
	[
		103.81949,
		1.44655
	],
	[
		103.81936,
		1.44686
	],
	[
		103.8193,
		1.44702
	],
	[
		103.81952,
		1.44704
	],
	[
		103.81969,
		1.44705
	],
	[
		103.81985,
		1.44708
	],
	[
		103.82018,
		1.44712
	],
	[
		103.8202,
		1.44712
	],
	[
		103.82071,
		1.44718
	],
	[
		103.82214,
		1.44736
	],
	[
		103.82243,
		1.44741
	],
	[
		103.82258,
		1.44744
	],
	[
		103.82264,
		1.44731
	],
	[
		103.82276,
		1.44707
	],
	[
		103.82283,
		1.44693
	],
	[
		103.82299,
		1.44662
	],
	[
		103.82309,
		1.44643
	],
	[
		103.82316,
		1.44625
	],
	[
		103.8234,
		1.44566
	],
	[
		103.82357,
		1.44515
	],
	[
		103.82362,
		1.44499
	],
	[
		103.82365,
		1.44482
	],
	[
		103.82371,
		1.44448
	],
	[
		103.82371,
		1.44443
	],
	[
		103.82372,
		1.44437
	],
	[
		103.82374,
		1.44423
	],
	[
		103.82377,
		1.44389
	],
	[
		103.82386,
		1.44314
	],
	[
		103.8239,
		1.44282
	],
	[
		103.82393,
		1.44265
	],
	[
		103.82397,
		1.44245
	],
	[
		103.82397,
		1.44242
	],
	[
		103.82424,
		1.44173
	],
	[
		103.82443,
		1.4412
	],
	[
		103.82447,
		1.44111
	],
	[
		103.82452,
		1.441
	],
	[
		103.8246,
		1.4408
	],
	[
		103.8246,
		1.4408
	],
	[
		103.82461,
		1.44078
	],
	[
		103.8247,
		1.44057
	],
	[
		103.82473,
		1.4405
	],
	[
		103.82475,
		1.44044
	],
	[
		103.82483,
		1.44026
	],
	[
		103.82487,
		1.44016
	],
	[
		103.82498,
		1.4399
	],
	[
		103.82515,
		1.43951
	],
	[
		103.82528,
		1.43905
	],
	[
		103.82531,
		1.43897
	],
	[
		103.82531,
		1.4389
	],
	[
		103.82534,
		1.43854
	],
	[
		103.82536,
		1.43841
	],
	[
		103.82537,
		1.43824
	],
	[
		103.8254,
		1.43794
	],
	[
		103.8254,
		1.43793
	],
	[
		103.82543,
		1.43763
	],
	[
		103.82543,
		1.43756
	],
	[
		103.82551,
		1.43669
	],
	[
		103.82558,
		1.43644
	],
	[
		103.82576,
		1.43573
	],
	[
		103.82586,
		1.43545
	],
	[
		103.8259,
		1.43536
	],
	[
		103.82594,
		1.43522
	],
	[
		103.82613,
		1.43461
	],
	[
		103.82627,
		1.43414
	],
	[
		103.82649,
		1.43338
	],
	[
		103.82661,
		1.43284
	],
	[
		103.82665,
		1.43242
	],
	[
		103.82672,
		1.43129
	],
	[
		103.82676,
		1.43043
	],
	[
		103.82691,
		1.43031
	],
	[
		103.82714,
		1.43019
	],
	[
		103.82796,
		1.43024
	],
	[
		103.8282,
		1.43026
	],
	[
		103.82848,
		1.43028
	],
	[
		103.82961,
		1.43035
	],
	[
		103.8297,
		1.43036
	],
	[
		103.82979,
		1.43036
	],
	[
		103.83148,
		1.43046
	],
	[
		103.83161,
		1.43047
	],
	[
		103.8317,
		1.43048
	],
	[
		103.83218,
		1.43048
	],
	[
		103.83241,
		1.43049
	],
	[
		103.83338,
		1.43047
	],
	[
		103.83348,
		1.43047
	],
	[
		103.83497,
		1.43042
	],
	[
		103.83522,
		1.4304
	],
	[
		103.83537,
		1.4304
	],
	[
		103.83537,
		1.43027
	],
	[
		103.83536,
		1.43004
	],
	[
		103.83532,
		1.42912
	],
	[
		103.8353,
		1.42879
	],
	[
		103.83529,
		1.42869
	],
	[
		103.83527,
		1.42815
	],
	[
		103.83526,
		1.42806
	],
	[
		103.83586,
		1.42801
	]
]