[
	[
		103.8485,
		1.36983
	],
	[
		103.84886,
		1.36991
	],
	[
		103.84914,
		1.37007
	],
	[
		103.84947,
		1.36947
	],
	[
		103.84954,
		1.36935
	],
	[
		103.84963,
		1.36919
	],
	[
		103.84964,
		1.36917
	],
	[
		103.84966,
		1.36913
	],
	[
		103.84967,
		1.36912
	],
	[
		103.84972,
		1.36902
	],
	[
		103.84957,
		1.36898
	],
	[
		103.84953,
		1.36897
	],
	[
		103.84953,
		1.36897
	],
	[
		103.84946,
		1.36895
	],
	[
		103.84932,
		1.36892
	],
	[
		103.84891,
		1.36883
	],
	[
		103.84833,
		1.36878
	],
	[
		103.84821,
		1.36879
	],
	[
		103.84795,
		1.3688
	],
	[
		103.84724,
		1.36888
	],
	[
		103.84721,
		1.36888
	],
	[
		103.84719,
		1.36888
	],
	[
		103.84685,
		1.36892
	],
	[
		103.84666,
		1.36894
	],
	[
		103.84665,
		1.36894
	],
	[
		103.84661,
		1.36895
	],
	[
		103.8466,
		1.36895
	],
	[
		103.84631,
		1.36898
	],
	[
		103.84616,
		1.369
	],
	[
		103.84615,
		1.369
	],
	[
		103.84572,
		1.36905
	],
	[
		103.8456,
		1.36907
	],
	[
		103.84557,
		1.36907
	],
	[
		103.84554,
		1.36907
	],
	[
		103.84552,
		1.36908
	],
	[
		103.84547,
		1.36908
	],
	[
		103.84547,
		1.36908
	],
	[
		103.84541,
		1.36909
	],
	[
		103.84542,
		1.36913
	],
	[
		103.84542,
		1.36914
	],
	[
		103.84543,
		1.36918
	],
	[
		103.84544,
		1.36926
	],
	[
		103.84544,
		1.36929
	],
	[
		103.84546,
		1.36942
	],
	[
		103.84548,
		1.36994
	],
	[
		103.84548,
		1.36999
	],
	[
		103.84548,
		1.37008
	],
	[
		103.84548,
		1.37008
	],
	[
		103.84549,
		1.37013
	],
	[
		103.84549,
		1.37013
	],
	[
		103.84549,
		1.37014
	],
	[
		103.84549,
		1.37015
	],
	[
		103.84549,
		1.37015
	],
	[
		103.84549,
		1.37018
	],
	[
		103.8455,
		1.37053
	],
	[
		103.84547,
		1.37084
	],
	[
		103.84546,
		1.3709
	],
	[
		103.84538,
		1.3717
	],
	[
		103.84516,
		1.37349
	],
	[
		103.84516,
		1.37349
	],
	[
		103.84516,
		1.3735
	],
	[
		103.84516,
		1.3735
	],
	[
		103.84516,
		1.37354
	],
	[
		103.8451,
		1.37403
	],
	[
		103.84483,
		1.37622
	],
	[
		103.84483,
		1.37625
	],
	[
		103.84482,
		1.37629
	],
	[
		103.84482,
		1.37629
	],
	[
		103.84482,
		1.3763
	],
	[
		103.84473,
		1.377
	],
	[
		103.84472,
		1.37709
	],
	[
		103.84471,
		1.37718
	],
	[
		103.84471,
		1.37724
	],
	[
		103.84469,
		1.37734
	],
	[
		103.84468,
		1.37743
	],
	[
		103.84468,
		1.37746
	],
	[
		103.84465,
		1.37766
	],
	[
		103.84464,
		1.37776
	],
	[
		103.84454,
		1.37861
	],
	[
		103.84454,
		1.37861
	],
	[
		103.84454,
		1.37861
	],
	[
		103.84453,
		1.37864
	],
	[
		103.84453,
		1.37867
	],
	[
		103.84444,
		1.37942
	],
	[
		103.84439,
		1.37976
	],
	[
		103.84433,
		1.38028
	],
	[
		103.84427,
		1.38062
	],
	[
		103.84425,
		1.38074
	],
	[
		103.84425,
		1.38074
	],
	[
		103.84421,
		1.3809
	],
	[
		103.8441,
		1.38141
	],
	[
		103.84409,
		1.38148
	],
	[
		103.84407,
		1.3819
	],
	[
		103.84406,
		1.38207
	],
	[
		103.84405,
		1.38232
	],
	[
		103.84402,
		1.38284
	],
	[
		103.84401,
		1.38295
	],
	[
		103.84396,
		1.3835
	],
	[
		103.84376,
		1.38406
	],
	[
		103.84376,
		1.38406
	],
	[
		103.84305,
		1.38585
	],
	[
		103.84305,
		1.38585
	],
	[
		103.84282,
		1.38642
	],
	[
		103.84265,
		1.38666
	],
	[
		103.84232,
		1.38692
	],
	[
		103.84199,
		1.38715
	],
	[
		103.84185,
		1.3873
	],
	[
		103.84181,
		1.38736
	],
	[
		103.84169,
		1.38756
	],
	[
		103.84162,
		1.38774
	],
	[
		103.84172,
		1.38781
	],
	[
		103.84172,
		1.38781
	],
	[
		103.84175,
		1.38783
	],
	[
		103.84198,
		1.388
	],
	[
		103.84211,
		1.38809
	],
	[
		103.84223,
		1.38819
	],
	[
		103.84274,
		1.38859
	],
	[
		103.8432,
		1.3889
	],
	[
		103.84358,
		1.38919
	],
	[
		103.84372,
		1.38929
	],
	[
		103.84372,
		1.38929
	],
	[
		103.84372,
		1.38929
	],
	[
		103.84372,
		1.38929
	],
	[
		103.84378,
		1.38934
	],
	[
		103.84508,
		1.39029
	],
	[
		103.84514,
		1.39033
	],
	[
		103.84517,
		1.39036
	],
	[
		103.8452,
		1.39038
	],
	[
		103.84532,
		1.39046
	],
	[
		103.84558,
		1.39068
	],
	[
		103.84608,
		1.39105
	],
	[
		103.84611,
		1.39106
	],
	[
		103.84611,
		1.39106
	],
	[
		103.84613,
		1.39107
	],
	[
		103.84616,
		1.39109
	],
	[
		103.84648,
		1.39125
	],
	[
		103.84651,
		1.39126
	],
	[
		103.84654,
		1.39128
	],
	[
		103.84715,
		1.39159
	],
	[
		103.84781,
		1.39189
	],
	[
		103.84837,
		1.39208
	],
	[
		103.84852,
		1.39212
	],
	[
		103.84861,
		1.39214
	],
	[
		103.84899,
		1.39223
	],
	[
		103.849,
		1.39223
	],
	[
		103.84902,
		1.39223
	],
	[
		103.84903,
		1.39224
	],
	[
		103.84903,
		1.39224
	],
	[
		103.84905,
		1.39224
	],
	[
		103.84908,
		1.39225
	],
	[
		103.84945,
		1.39233
	],
	[
		103.85001,
		1.3924
	],
	[
		103.85019,
		1.39241
	],
	[
		103.85027,
		1.39242
	],
	[
		103.85035,
		1.39242
	],
	[
		103.85072,
		1.39244
	],
	[
		103.85129,
		1.39244
	],
	[
		103.85141,
		1.39243
	],
	[
		103.85145,
		1.39243
	],
	[
		103.85149,
		1.39243
	],
	[
		103.85205,
		1.39238
	],
	[
		103.85249,
		1.39231
	],
	[
		103.85257,
		1.39229
	],
	[
		103.85258,
		1.39229
	],
	[
		103.8526,
		1.39229
	],
	[
		103.85263,
		1.39228
	],
	[
		103.85279,
		1.39224
	],
	[
		103.85338,
		1.39212
	],
	[
		103.8534,
		1.39211
	],
	[
		103.85341,
		1.39211
	],
	[
		103.85342,
		1.39211
	],
	[
		103.85342,
		1.39211
	],
	[
		103.85364,
		1.39206
	],
	[
		103.8541,
		1.39196
	],
	[
		103.85496,
		1.39178
	],
	[
		103.85507,
		1.39176
	],
	[
		103.85592,
		1.39158
	],
	[
		103.85593,
		1.39157
	],
	[
		103.85596,
		1.39157
	],
	[
		103.85599,
		1.39156
	],
	[
		103.85631,
		1.39149
	],
	[
		103.85633,
		1.39149
	],
	[
		103.85635,
		1.39149
	],
	[
		103.85667,
		1.39142
	],
	[
		103.85693,
		1.39137
	],
	[
		103.85794,
		1.39117
	],
	[
		103.85794,
		1.39117
	],
	[
		103.85794,
		1.39117
	],
	[
		103.85802,
		1.39115
	],
	[
		103.85803,
		1.39115
	],
	[
		103.85804,
		1.39115
	],
	[
		103.85811,
		1.39113
	],
	[
		103.85819,
		1.39111
	],
	[
		103.85819,
		1.39111
	],
	[
		103.85819,
		1.39111
	],
	[
		103.85828,
		1.39109
	],
	[
		103.85829,
		1.39109
	],
	[
		103.85829,
		1.39109
	],
	[
		103.85952,
		1.39078
	],
	[
		103.85984,
		1.3907
	],
	[
		103.85962,
		1.39078
	],
	[
		103.86259,
		1.38994
	],
	[
		103.86257,
		1.38994
	],
	[
		103.86059,
		1.39049
	],
	[
		103.86044,
		1.39053
	],
	[
		103.86019,
		1.3906
	],
	[
		103.86017,
		1.39061
	],
	[
		103.86016,
		1.39061
	],
	[
		103.86,
		1.39066
	],
	[
		103.85998,
		1.39066
	],
	[
		103.85998,
		1.39066
	],
	[
		103.85997,
		1.39067
	],
	[
		103.85988,
		1.39069
	],
	[
		103.85986,
		1.3907
	],
	[
		103.85984,
		1.3907
	],
	[
		103.85962,
		1.39078
	],
	[
		103.8596,
		1.39079
	],
	[
		103.86259,
		1.38994
	],
	[
		103.8626,
		1.38994
	],
	[
		103.8626,
		1.38993
	],
	[
		103.86273,
		1.3899
	],
	[
		103.86286,
		1.38986
	],
	[
		103.8639,
		1.38957
	],
	[
		103.86397,
		1.38955
	],
	[
		103.86401,
		1.38954
	],
	[
		103.86405,
		1.38953
	],
	[
		103.86521,
		1.38921
	],
	[
		103.86521,
		1.38921
	],
	[
		103.86521,
		1.38921
	],
	[
		103.86543,
		1.38915
	],
	[
		103.86544,
		1.38915
	],
	[
		103.86544,
		1.38915
	],
	[
		103.86544,
		1.38915
	],
	[
		103.86598,
		1.389
	],
	[
		103.86602,
		1.38899
	],
	[
		103.86605,
		1.38898
	],
	[
		103.86613,
		1.38896
	],
	[
		103.86709,
		1.38868
	],
	[
		103.86804,
		1.38842
	],
	[
		103.8682,
		1.38838
	],
	[
		103.86883,
		1.3882
	],
	[
		103.86903,
		1.38973
	],
	[
		103.86903,
		1.38989
	],
	[
		103.86912,
		1.3913
	],
	[
		103.87009,
		1.39122
	],
	[
		103.8714,
		1.3911
	],
	[
		103.8717,
		1.39162
	],
	[
		103.87211,
		1.39231
	],
	[
		103.87253,
		1.39302
	],
	[
		103.87256,
		1.39312
	],
	[
		103.87256,
		1.39314
	],
	[
		103.87257,
		1.39316
	],
	[
		103.87257,
		1.39316
	],
	[
		103.87258,
		1.3932
	],
	[
		103.87269,
		1.39372
	],
	[
		103.87274,
		1.39394
	],
	[
		103.87286,
		1.39463
	],
	[
		103.87293,
		1.39499
	],
	[
		103.87294,
		1.39505
	],
	[
		103.87296,
		1.39531
	],
	[
		103.87297,
		1.39537
	],
	[
		103.87307,
		1.39651
	],
	[
		103.87307,
		1.39653
	],
	[
		103.87309,
		1.39679
	],
	[
		103.87311,
		1.39699
	],
	[
		103.87312,
		1.39703
	],
	[
		103.87312,
		1.39705
	],
	[
		103.87315,
		1.3974
	],
	[
		103.87316,
		1.39767
	],
	[
		103.87314,
		1.39789
	],
	[
		103.87308,
		1.39812
	],
	[
		103.87302,
		1.39827
	],
	[
		103.87296,
		1.39841
	],
	[
		103.87292,
		1.3985
	],
	[
		103.8729,
		1.39853
	],
	[
		103.8729,
		1.39853
	],
	[
		103.87285,
		1.39863
	],
	[
		103.87272,
		1.3989
	],
	[
		103.87242,
		1.39951
	],
	[
		103.8724,
		1.39958
	],
	[
		103.87239,
		1.3996
	],
	[
		103.87233,
		1.39974
	],
	[
		103.87231,
		1.39978
	],
	[
		103.87226,
		1.4001
	],
	[
		103.87228,
		1.40029
	],
	[
		103.87229,
		1.40043
	],
	[
		103.8723,
		1.40052
	],
	[
		103.8723,
		1.40052
	],
	[
		103.87231,
		1.40064
	],
	[
		103.87231,
		1.40076
	],
	[
		103.87231,
		1.40081
	],
	[
		103.8723,
		1.40104
	],
	[
		103.8723,
		1.40115
	],
	[
		103.87229,
		1.40154
	],
	[
		103.87221,
		1.40184
	],
	[
		103.87215,
		1.40193
	],
	[
		103.87206,
		1.40196
	],
	[
		103.87197,
		1.40197
	],
	[
		103.87159,
		1.40193
	],
	[
		103.87153,
		1.40196
	],
	[
		103.87147,
		1.40205
	],
	[
		103.87147,
		1.40221
	],
	[
		103.87147,
		1.40222
	],
	[
		103.87147,
		1.40225
	],
	[
		103.87153,
		1.40233
	],
	[
		103.87161,
		1.40235
	],
	[
		103.87171,
		1.40236
	],
	[
		103.87197,
		1.4022
	],
	[
		103.87218,
		1.40205
	],
	[
		103.87225,
		1.40197
	],
	[
		103.87229,
		1.40183
	],
	[
		103.87243,
		1.4017
	],
	[
		103.87263,
		1.40159
	],
	[
		103.87488,
		1.40128
	],
	[
		103.88238,
		1.40142
	],
	[
		103.88292,
		1.40143
	],
	[
		103.88292,
		1.40143
	],
	[
		103.88342,
		1.40144
	],
	[
		103.88498,
		1.40139
	],
	[
		103.8863,
		1.40131
	],
	[
		103.88737,
		1.40123
	],
	[
		103.88813,
		1.40114
	],
	[
		103.88899,
		1.40104
	],
	[
		103.89118,
		1.40073
	],
	[
		103.89295,
		1.40049
	],
	[
		103.89439,
		1.40029
	],
	[
		103.89599,
		1.40024
	],
	[
		103.89607,
		1.40022
	],
	[
		103.89711,
		1.40005
	],
	[
		103.89788,
		1.3999
	],
	[
		103.89917,
		1.39941
	],
	[
		103.90003,
		1.39908
	],
	[
		103.90071,
		1.39872
	],
	[
		103.90186,
		1.39817
	],
	[
		103.90236,
		1.39797
	],
	[
		103.90314,
		1.39762
	],
	[
		103.90378,
		1.39728
	],
	[
		103.90372,
		1.39715
	],
	[
		103.90371,
		1.39712
	],
	[
		103.90366,
		1.39702
	],
	[
		103.90362,
		1.39696
	],
	[
		103.90356,
		1.39682
	],
	[
		103.90345,
		1.39661
	],
	[
		103.9034,
		1.39649
	],
	[
		103.90338,
		1.39646
	],
	[
		103.90336,
		1.39643
	],
	[
		103.90327,
		1.39631
	],
	[
		103.90327,
		1.39631
	],
	[
		103.90317,
		1.39617
	],
	[
		103.90306,
		1.39602
	],
	[
		103.9029,
		1.39579
	],
	[
		103.90249,
		1.39535
	],
	[
		103.90229,
		1.39515
	],
	[
		103.90228,
		1.39514
	],
	[
		103.90227,
		1.39513
	],
	[
		103.90225,
		1.39511
	],
	[
		103.90216,
		1.39502
	],
	[
		103.90208,
		1.39494
	],
	[
		103.90207,
		1.39494
	],
	[
		103.90189,
		1.39476
	],
	[
		103.90173,
		1.39461
	],
	[
		103.90171,
		1.39446
	],
	[
		103.90171,
		1.39439
	],
	[
		103.90171,
		1.39426
	],
	[
		103.90173,
		1.39418
	],
	[
		103.90179,
		1.3941
	],
	[
		103.90188,
		1.39399
	],
	[
		103.90229,
		1.39384
	],
	[
		103.90282,
		1.39366
	],
	[
		103.90295,
		1.39361
	],
	[
		103.90321,
		1.39348
	],
	[
		103.90358,
		1.39331
	],
	[
		103.90366,
		1.39327
	],
	[
		103.90381,
		1.39318
	],
	[
		103.90389,
		1.39314
	],
	[
		103.9039,
		1.39313
	],
	[
		103.90395,
		1.3931
	],
	[
		103.90414,
		1.39298
	],
	[
		103.90456,
		1.3927
	],
	[
		103.90468,
		1.3926
	],
	[
		103.90506,
		1.3923
	],
	[
		103.90514,
		1.39224
	],
	[
		103.90532,
		1.39207
	],
	[
		103.90541,
		1.39198
	],
	[
		103.90544,
		1.39196
	],
	[
		103.90545,
		1.39195
	],
	[
		103.90551,
		1.39189
	],
	[
		103.90589,
		1.39153
	],
	[
		103.90618,
		1.39121
	],
	[
		103.90623,
		1.39115
	],
	[
		103.9063,
		1.39107
	],
	[
		103.90649,
		1.39086
	],
	[
		103.90665,
		1.39061
	],
	[
		103.90676,
		1.39033
	],
	[
		103.90679,
		1.39019
	],
	[
		103.90682,
		1.38989
	],
	[
		103.9068,
		1.38975
	],
	[
		103.90678,
		1.3896
	],
	[
		103.90677,
		1.38956
	],
	[
		103.90671,
		1.38944
	],
	[
		103.90665,
		1.38935
	],
	[
		103.90627,
		1.38884
	],
	[
		103.90617,
		1.38875
	],
	[
		103.90612,
		1.3887
	],
	[
		103.90604,
		1.38863
	],
	[
		103.90603,
		1.38862
	],
	[
		103.906,
		1.38859
	],
	[
		103.90596,
		1.38855
	],
	[
		103.90595,
		1.38854
	],
	[
		103.90593,
		1.38852
	],
	[
		103.90591,
		1.3885
	],
	[
		103.90591,
		1.3885
	],
	[
		103.90585,
		1.38844
	],
	[
		103.90574,
		1.38833
	],
	[
		103.90534,
		1.38793
	],
	[
		103.9053,
		1.38789
	],
	[
		103.90523,
		1.38782
	],
	[
		103.90519,
		1.38777
	],
	[
		103.90467,
		1.38737
	],
	[
		103.90433,
		1.3871
	],
	[
		103.90424,
		1.38703
	],
	[
		103.90394,
		1.38679
	],
	[
		103.90392,
		1.38677
	],
	[
		103.90374,
		1.38651
	],
	[
		103.90346,
		1.38611
	],
	[
		103.90344,
		1.38609
	],
	[
		103.90342,
		1.38606
	],
	[
		103.90339,
		1.38602
	],
	[
		103.90333,
		1.38593
	],
	[
		103.90317,
		1.3857
	],
	[
		103.9031,
		1.3856
	],
	[
		103.90189,
		1.38613
	],
	[
		103.90181,
		1.38617
	],
	[
		103.90169,
		1.38622
	],
	[
		103.90167,
		1.38623
	],
	[
		103.90164,
		1.38625
	],
	[
		103.90157,
		1.38627
	],
	[
		103.90156,
		1.38627
	],
	[
		103.90149,
		1.3863
	],
	[
		103.90133,
		1.38636
	],
	[
		103.90123,
		1.38639
	],
	[
		103.90053,
		1.38664
	],
	[
		103.89995,
		1.38684
	],
	[
		103.89982,
		1.38688
	],
	[
		103.8997,
		1.38693
	],
	[
		103.899,
		1.38717
	],
	[
		103.89894,
		1.3872
	],
	[
		103.89803,
		1.38752
	],
	[
		103.89803,
		1.38752
	],
	[
		103.898,
		1.38753
	],
	[
		103.89705,
		1.38786
	],
	[
		103.89698,
		1.38788
	],
	[
		103.89691,
		1.38791
	],
	[
		103.89674,
		1.38797
	],
	[
		103.89673,
		1.38797
	],
	[
		103.89671,
		1.38798
	],
	[
		103.89665,
		1.388
	],
	[
		103.89667,
		1.38806
	],
	[
		103.89667,
		1.38807
	],
	[
		103.89669,
		1.38812
	],
	[
		103.89672,
		1.38821
	],
	[
		103.89676,
		1.38834
	],
	[
		103.89697,
		1.38892
	],
	[
		103.89697,
		1.38892
	],
	[
		103.897,
		1.38901
	],
	[
		103.89703,
		1.3891
	],
	[
		103.89703,
		1.38911
	],
	[
		103.89704,
		1.38911
	],
	[
		103.89704,
		1.38911
	],
	[
		103.89716,
		1.38946
	],
	[
		103.89713,
		1.38958
	],
	[
		103.89712,
		1.38959
	],
	[
		103.89704,
		1.38977
	],
	[
		103.89702,
		1.38979
	],
	[
		103.89695,
		1.38989
	],
	[
		103.89683,
		1.38994
	],
	[
		103.89676,
		1.38996
	],
	[
		103.89664,
		1.39001
	],
	[
		103.89652,
		1.39005
	],
	[
		103.89636,
		1.3901
	],
	[
		103.89635,
		1.3901
	],
	[
		103.89635,
		1.39011
	],
	[
		103.89634,
		1.39011
	],
	[
		103.89626,
		1.39013
	],
	[
		103.89629,
		1.3902
	],
	[
		103.89629,
		1.39021
	],
	[
		103.89631,
		1.39026
	],
	[
		103.89631,
		1.39027
	],
	[
		103.89632,
		1.3903
	],
	[
		103.8964,
		1.39053
	],
	[
		103.89654,
		1.39095
	],
	[
		103.89666,
		1.39131
	],
	[
		103.89643,
		1.39138
	]
]