[
	[
		103.845556,
		1.381132
	],
	[
		103.844684,
		1.378632
	],
	[
		103.843497,
		1.377202
	],
	[
		103.841201,
		1.376933
	],
	[
		103.837774,
		1.376956
	],
	[
		103.835198,
		1.379431
	],
	[
		103.832403,
		1.380319
	],
	[
		103.830036,
		1.378923
	],
	[
		103.827593,
		1.379094
	],
	[
		103.825764,
		1.382495
	],
	[
		103.822865,
		1.385154
	],
	[
		103.819648,
		1.387177
	],
	[
		103.818216,
		1.391569
	],
	[
		103.818459,
		1.3962
	],
	[
		103.817172,
		1.400157
	],
	[
		103.818342,
		1.404141
	],
	[
		103.820123,
		1.407054
	],
	[
		103.821923,
		1.410693
	],
	[
		103.823391,
		1.415206
	],
	[
		103.824546,
		1.419905
	],
	[
		103.825523,
		1.424958
	],
	[
		103.828225,
		1.42539
	],
	[
		103.830181,
		1.42363
	],
	[
		103.832767,
		1.422974
	],
	[
		103.834979,
		1.420546
	],
	[
		103.835134,
		1.417628
	],
	[
		103.837681,
		1.417805
	],
	[
		103.842714,
		1.418198
	],
	[
		103.843733,
		1.420726
	],
	[
		103.843974,
		1.423338
	],
	[
		103.845727,
		1.425214
	],
	[
		103.846151,
		1.427055
	],
	[
		103.845231,
		1.430211
	],
	[
		103.84196,
		1.431811
	],
	[
		103.840197,
		1.432265
	],
	[
		103.837932,
		1.430148
	],
	[
		103.836097,
		1.4284
	]
]