[
	[
		103.7433,
		1.330212
	],
	[
		103.738849,
		1.335766
	],
	[
		103.741084,
		1.338253
	],
	[
		103.744076,
		1.342172
	],
	[
		103.746056,
		1.344902
	],
	[
		103.745187,
		1.347166
	],
	[
		103.74484,
		1.349762
	],
	[
		103.743776,
		1.351549
	],
	[
		103.741393,
		1.349722
	],
	[
		103.73427,
		1.35636
	],
	[
		103.737816,
		1.351514
	],
	[
		103.740738,
		1.349891
	],
	[
		103.743369,
		1.351423
	],
	[
		103.745109,
		1.349906
	],
	[
		103.745903,
		1.346823
	],
	[
		103.746283,
		1.344753
	],
	[
		103.744754,
		1.342682
	],
	[
		103.741733,
		1.338626
	],
	[
		103.739661,
		1.336414
	],
	[
		103.740707,
		1.334187
	],
	[
		103.7433,
		1.330212
	]
]