[
	[
		103.89267,
		1.37073
	],
	[
		103.8929,
		1.37073
	],
	[
		103.8929,
		1.37108
	],
	[
		103.89208,
		1.37107
	],
	[
		103.89208,
		1.37134
	],
	[
		103.89199,
		1.37134
	],
	[
		103.89166,
		1.37126
	],
	[
		103.89138,
		1.37112
	],
	[
		103.89115,
		1.37089
	],
	[
		103.8907,
		1.3704
	],
	[
		103.89049,
		1.37018
	],
	[
		103.89026,
		1.36992
	],
	[
		103.88994,
		1.36955
	],
	[
		103.88975,
		1.36934
	],
	[
		103.8894,
		1.37001
	],
	[
		103.88926,
		1.37028
	],
	[
		103.88925,
		1.3703
	],
	[
		103.88896,
		1.37058
	],
	[
		103.88918,
		1.37088
	],
	[
		103.88956,
		1.37139
	],
	[
		103.88957,
		1.3714
	],
	[
		103.88969,
		1.37153
	],
	[
		103.89005,
		1.3719
	],
	[
		103.89005,
		1.37191
	],
	[
		103.89089,
		1.37281
	],
	[
		103.89106,
		1.37294
	],
	[
		103.89119,
		1.373
	],
	[
		103.89133,
		1.37302
	],
	[
		103.89157,
		1.37302
	],
	[
		103.89168,
		1.37302
	],
	[
		103.8917,
		1.37302
	],
	[
		103.8917,
		1.37302
	],
	[
		103.89171,
		1.37302
	],
	[
		103.89171,
		1.37302
	],
	[
		103.89222,
		1.37302
	],
	[
		103.89237,
		1.37302
	],
	[
		103.89258,
		1.37302
	],
	[
		103.89262,
		1.37302
	],
	[
		103.89262,
		1.37302
	],
	[
		103.89266,
		1.37302
	],
	[
		103.89275,
		1.37302
	],
	[
		103.89283,
		1.37302
	],
	[
		103.89286,
		1.37302
	],
	[
		103.893,
		1.37302
	],
	[
		103.89312,
		1.37301
	],
	[
		103.89341,
		1.37301
	],
	[
		103.89394,
		1.37301
	],
	[
		103.89405,
		1.37309
	],
	[
		103.89413,
		1.37315
	],
	[
		103.89418,
		1.37321
	],
	[
		103.89426,
		1.37329
	],
	[
		103.89426,
		1.37367
	],
	[
		103.89429,
		1.37381
	],
	[
		103.89435,
		1.37393
	],
	[
		103.89474,
		1.37439
	],
	[
		103.89477,
		1.37443
	],
	[
		103.89479,
		1.37446
	],
	[
		103.89514,
		1.37488
	],
	[
		103.89515,
		1.37488
	],
	[
		103.89516,
		1.3749
	],
	[
		103.89521,
		1.37495
	],
	[
		103.89522,
		1.37497
	],
	[
		103.89522,
		1.37497
	],
	[
		103.89523,
		1.37498
	],
	[
		103.89542,
		1.3752
	],
	[
		103.89548,
		1.37527
	],
	[
		103.89551,
		1.37532
	],
	[
		103.89563,
		1.37545
	],
	[
		103.89585,
		1.37577
	],
	[
		103.89593,
		1.3759
	],
	[
		103.89602,
		1.37603
	],
	[
		103.89609,
		1.37614
	],
	[
		103.89615,
		1.37623
	],
	[
		103.89615,
		1.37624
	],
	[
		103.89617,
		1.37627
	],
	[
		103.8962,
		1.37631
	],
	[
		103.89622,
		1.37635
	],
	[
		103.89623,
		1.37636
	],
	[
		103.89624,
		1.37637
	],
	[
		103.89625,
		1.37638
	],
	[
		103.89628,
		1.37643
	],
	[
		103.89635,
		1.37655
	],
	[
		103.89642,
		1.37666
	],
	[
		103.89665,
		1.37706
	],
	[
		103.8967,
		1.37721
	],
	[
		103.89673,
		1.37778
	],
	[
		103.89674,
		1.37782
	],
	[
		103.89674,
		1.37783
	],
	[
		103.89674,
		1.37784
	],
	[
		103.89674,
		1.37787
	],
	[
		103.89674,
		1.37788
	],
	[
		103.89674,
		1.3779
	],
	[
		103.89674,
		1.37793
	],
	[
		103.89676,
		1.37819
	],
	[
		103.89676,
		1.3783
	],
	[
		103.89676,
		1.37831
	],
	[
		103.89678,
		1.37844
	],
	[
		103.89684,
		1.37891
	],
	[
		103.89687,
		1.3791
	],
	[
		103.89689,
		1.37922
	],
	[
		103.8969,
		1.37932
	],
	[
		103.89691,
		1.37935
	],
	[
		103.89691,
		1.3794
	],
	[
		103.89692,
		1.37949
	],
	[
		103.89692,
		1.3795
	],
	[
		103.89693,
		1.37956
	],
	[
		103.89695,
		1.37969
	],
	[
		103.89697,
		1.37986
	],
	[
		103.89707,
		1.38047
	],
	[
		103.89711,
		1.38062
	],
	[
		103.89718,
		1.38091
	],
	[
		103.8972,
		1.38101
	],
	[
		103.89732,
		1.38148
	],
	[
		103.89732,
		1.38148
	],
	[
		103.89733,
		1.38152
	],
	[
		103.89733,
		1.38152
	],
	[
		103.89734,
		1.38154
	],
	[
		103.89734,
		1.38154
	],
	[
		103.89734,
		1.38155
	],
	[
		103.89735,
		1.38157
	],
	[
		103.89735,
		1.38157
	],
	[
		103.89738,
		1.38163
	],
	[
		103.89758,
		1.38214
	],
	[
		103.89813,
		1.38267
	],
	[
		103.89817,
		1.38276
	],
	[
		103.8982,
		1.38295
	],
	[
		103.89818,
		1.38314
	],
	[
		103.89818,
		1.38316
	],
	[
		103.89811,
		1.3833
	],
	[
		103.89766,
		1.38377
	],
	[
		103.89763,
		1.3838
	],
	[
		103.89762,
		1.38381
	],
	[
		103.89758,
		1.38386
	],
	[
		103.89758,
		1.38386
	],
	[
		103.89755,
		1.38389
	],
	[
		103.89754,
		1.3839
	],
	[
		103.89753,
		1.38391
	],
	[
		103.89702,
		1.38444
	],
	[
		103.89692,
		1.38455
	],
	[
		103.89671,
		1.38476
	],
	[
		103.89606,
		1.38544
	],
	[
		103.89595,
		1.38555
	],
	[
		103.89587,
		1.38563
	],
	[
		103.89587,
		1.38564
	],
	[
		103.89584,
		1.38566
	],
	[
		103.89581,
		1.38569
	],
	[
		103.89576,
		1.38575
	],
	[
		103.89582,
		1.38581
	],
	[
		103.89583,
		1.38582
	],
	[
		103.89585,
		1.38585
	],
	[
		103.8959,
		1.38589
	],
	[
		103.89596,
		1.38602
	],
	[
		103.89601,
		1.38614
	],
	[
		103.89615,
		1.38654
	],
	[
		103.89618,
		1.38663
	],
	[
		103.89619,
		1.38666
	],
	[
		103.89621,
		1.38672
	],
	[
		103.89621,
		1.38673
	],
	[
		103.89626,
		1.38688
	],
	[
		103.89627,
		1.38689
	],
	[
		103.89651,
		1.38761
	],
	[
		103.89653,
		1.38767
	],
	[
		103.89656,
		1.38774
	],
	[
		103.89662,
		1.38793
	],
	[
		103.89662,
		1.38793
	],
	[
		103.89665,
		1.388
	],
	[
		103.89667,
		1.38806
	],
	[
		103.89667,
		1.38807
	],
	[
		103.89669,
		1.38812
	],
	[
		103.89672,
		1.38821
	],
	[
		103.89676,
		1.38834
	],
	[
		103.89697,
		1.38892
	],
	[
		103.89697,
		1.38892
	],
	[
		103.897,
		1.38901
	],
	[
		103.89703,
		1.3891
	],
	[
		103.89703,
		1.38911
	],
	[
		103.89704,
		1.38911
	],
	[
		103.89704,
		1.38911
	],
	[
		103.89716,
		1.38946
	],
	[
		103.89719,
		1.38954
	],
	[
		103.89723,
		1.38967
	],
	[
		103.89723,
		1.38967
	],
	[
		103.89725,
		1.38972
	],
	[
		103.89726,
		1.38978
	],
	[
		103.89728,
		1.38985
	],
	[
		103.89733,
		1.39002
	],
	[
		103.89735,
		1.39011
	],
	[
		103.89751,
		1.39056
	],
	[
		103.89752,
		1.39057
	],
	[
		103.89765,
		1.39094
	],
	[
		103.89767,
		1.391
	],
	[
		103.89768,
		1.39103
	],
	[
		103.89768,
		1.39103
	],
	[
		103.89768,
		1.39104
	],
	[
		103.89772,
		1.39115
	],
	[
		103.89785,
		1.39153
	],
	[
		103.89789,
		1.39164
	],
	[
		103.89792,
		1.39174
	],
	[
		103.89793,
		1.39176
	],
	[
		103.89793,
		1.39176
	],
	[
		103.89794,
		1.39178
	],
	[
		103.89796,
		1.39185
	],
	[
		103.89798,
		1.3919
	],
	[
		103.898,
		1.39195
	],
	[
		103.898,
		1.39197
	],
	[
		103.89804,
		1.39209
	],
	[
		103.89808,
		1.3922
	],
	[
		103.8983,
		1.39282
	],
	[
		103.89837,
		1.39299
	],
	[
		103.89837,
		1.393
	],
	[
		103.89838,
		1.39302
	],
	[
		103.89842,
		1.39315
	],
	[
		103.89853,
		1.39346
	],
	[
		103.89862,
		1.39371
	],
	[
		103.89863,
		1.39372
	],
	[
		103.89868,
		1.39387
	],
	[
		103.89894,
		1.3946
	],
	[
		103.89898,
		1.3947
	],
	[
		103.89903,
		1.39483
	],
	[
		103.89903,
		1.39484
	],
	[
		103.89903,
		1.39484
	],
	[
		103.89904,
		1.39486
	],
	[
		103.89907,
		1.39495
	],
	[
		103.89916,
		1.39493
	],
	[
		103.89919,
		1.39493
	],
	[
		103.89923,
		1.39492
	],
	[
		103.89933,
		1.3949
	],
	[
		103.89946,
		1.39487
	],
	[
		103.89987,
		1.39473
	],
	[
		103.89996,
		1.3947
	],
	[
		103.90016,
		1.39463
	],
	[
		103.90036,
		1.39455
	],
	[
		103.9004,
		1.39454
	],
	[
		103.9004,
		1.39454
	],
	[
		103.90042,
		1.39453
	],
	[
		103.90046,
		1.39452
	],
	[
		103.90103,
		1.3943
	],
	[
		103.9012,
		1.3943
	],
	[
		103.90126,
		1.3943
	],
	[
		103.90127,
		1.3943
	],
	[
		103.90143,
		1.39436
	],
	[
		103.90161,
		1.39451
	],
	[
		103.90173,
		1.39461
	],
	[
		103.90189,
		1.39476
	],
	[
		103.90194,
		1.39481
	],
	[
		103.90194,
		1.39481
	],
	[
		103.90195,
		1.39482
	],
	[
		103.90199,
		1.39486
	],
	[
		103.90207,
		1.39494
	],
	[
		103.90208,
		1.39494
	],
	[
		103.90216,
		1.39502
	],
	[
		103.90225,
		1.39511
	],
	[
		103.90227,
		1.39513
	],
	[
		103.90228,
		1.39514
	],
	[
		103.90228,
		1.39514
	],
	[
		103.90229,
		1.39515
	],
	[
		103.90249,
		1.39535
	],
	[
		103.9029,
		1.39579
	],
	[
		103.90306,
		1.39602
	],
	[
		103.90317,
		1.39617
	],
	[
		103.90327,
		1.39631
	],
	[
		103.90327,
		1.39631
	],
	[
		103.90336,
		1.39643
	],
	[
		103.90338,
		1.39646
	],
	[
		103.9034,
		1.39649
	],
	[
		103.90345,
		1.39661
	],
	[
		103.90356,
		1.39682
	],
	[
		103.90362,
		1.39696
	],
	[
		103.90366,
		1.39702
	],
	[
		103.90371,
		1.39712
	],
	[
		103.90372,
		1.39715
	],
	[
		103.90378,
		1.39728
	],
	[
		103.90385,
		1.39723
	],
	[
		103.90392,
		1.39717
	],
	[
		103.90421,
		1.39695
	],
	[
		103.90542,
		1.39591
	],
	[
		103.90553,
		1.39583
	],
	[
		103.90625,
		1.39502
	],
	[
		103.90698,
		1.39437
	],
	[
		103.90701,
		1.39434
	],
	[
		103.90823,
		1.39307
	],
	[
		103.91151,
		1.38929
	],
	[
		103.91177,
		1.389
	],
	[
		103.91221,
		1.38848
	],
	[
		103.91345,
		1.38706
	],
	[
		103.91537,
		1.3848
	],
	[
		103.91663,
		1.38338
	],
	[
		103.91753,
		1.38247
	],
	[
		103.9176,
		1.38239
	],
	[
		103.91852,
		1.38147
	],
	[
		103.91929,
		1.38075
	],
	[
		103.91981,
		1.38036
	],
	[
		103.92045,
		1.37995
	],
	[
		103.92148,
		1.3794
	],
	[
		103.92285,
		1.3788
	],
	[
		103.92348,
		1.37858
	],
	[
		103.924,
		1.37843
	],
	[
		103.92736,
		1.37762
	],
	[
		103.92863,
		1.37729
	],
	[
		103.92932,
		1.37715
	],
	[
		103.93038,
		1.37682
	],
	[
		103.93116,
		1.37652
	],
	[
		103.93165,
		1.37644
	],
	[
		103.93183,
		1.37645
	],
	[
		103.93206,
		1.37656
	],
	[
		103.93215,
		1.37665
	],
	[
		103.93215,
		1.37665
	],
	[
		103.93237,
		1.37688
	],
	[
		103.9327,
		1.37765
	],
	[
		103.93291,
		1.37794
	],
	[
		103.93292,
		1.37795
	],
	[
		103.93292,
		1.37795
	],
	[
		103.93324,
		1.37841
	],
	[
		103.93325,
		1.37843
	],
	[
		103.93329,
		1.37849
	],
	[
		103.93413,
		1.37968
	],
	[
		103.93419,
		1.37977
	],
	[
		103.93422,
		1.37981
	],
	[
		103.93423,
		1.37983
	],
	[
		103.93424,
		1.37984
	],
	[
		103.93424,
		1.37985
	],
	[
		103.93425,
		1.37987
	],
	[
		103.93426,
		1.37988
	],
	[
		103.93427,
		1.37989
	],
	[
		103.93429,
		1.37992
	],
	[
		103.9343,
		1.37994
	],
	[
		103.93434,
		1.37991
	],
	[
		103.93437,
		1.37989
	],
	[
		103.93437,
		1.37989
	],
	[
		103.93438,
		1.37988
	],
	[
		103.93446,
		1.37983
	],
	[
		103.93455,
		1.37976
	],
	[
		103.93468,
		1.37968
	],
	[
		103.9355,
		1.37907
	],
	[
		103.93553,
		1.37905
	],
	[
		103.9357,
		1.37893
	],
	[
		103.93586,
		1.3788
	],
	[
		103.93588,
		1.37879
	],
	[
		103.93851,
		1.37679
	],
	[
		103.93851,
		1.37679
	],
	[
		103.93713,
		1.37785
	],
	[
		103.93978,
		1.37586
	],
	[
		103.93984,
		1.37582
	],
	[
		103.94036,
		1.37543
	],
	[
		103.94069,
		1.37519
	],
	[
		103.94092,
		1.37501
	],
	[
		103.94103,
		1.37493
	],
	[
		103.9412,
		1.37481
	],
	[
		103.94174,
		1.37442
	],
	[
		103.94188,
		1.37431
	],
	[
		103.94238,
		1.37405
	],
	[
		103.94266,
		1.37394
	],
	[
		103.94272,
		1.37391
	],
	[
		103.94274,
		1.37391
	],
	[
		103.94349,
		1.37361
	],
	[
		103.94352,
		1.37359
	],
	[
		103.94353,
		1.37359
	],
	[
		103.94468,
		1.37313
	],
	[
		103.94491,
		1.37304
	],
	[
		103.94501,
		1.373
	],
	[
		103.94509,
		1.37297
	],
	[
		103.94561,
		1.37276
	],
	[
		103.9457,
		1.37272
	],
	[
		103.94572,
		1.37271
	],
	[
		103.94574,
		1.37271
	],
	[
		103.94597,
		1.37261
	],
	[
		103.94603,
		1.37259
	],
	[
		103.94607,
		1.37258
	],
	[
		103.9461,
		1.37257
	],
	[
		103.94691,
		1.37225
	],
	[
		103.94701,
		1.3722
	],
	[
		103.94715,
		1.37215
	],
	[
		103.94723,
		1.37212
	],
	[
		103.94726,
		1.3721
	],
	[
		103.94734,
		1.37207
	],
	[
		103.94743,
		1.37203
	],
	[
		103.9475,
		1.37199
	],
	[
		103.94763,
		1.37193
	],
	[
		103.94773,
		1.37188
	],
	[
		103.94819,
		1.37156
	],
	[
		103.94822,
		1.37154
	],
	[
		103.94826,
		1.3715
	],
	[
		103.94827,
		1.37149
	],
	[
		103.94847,
		1.37131
	],
	[
		103.94849,
		1.3713
	],
	[
		103.9485,
		1.37129
	],
	[
		103.94858,
		1.37122
	],
	[
		103.9487,
		1.37118
	],
	[
		103.94881,
		1.37117
	],
	[
		103.94893,
		1.37121
	],
	[
		103.94904,
		1.37133
	],
	[
		103.94932,
		1.37207
	],
	[
		103.94986,
		1.37195
	],
	[
		103.94996,
		1.37196
	],
	[
		103.95009,
		1.37201
	],
	[
		103.95018,
		1.37208
	],
	[
		103.9504,
		1.37232
	],
	[
		103.95042,
		1.37235
	],
	[
		103.9507,
		1.37265
	],
	[
		103.95074,
		1.37268
	],
	[
		103.95074,
		1.37268
	],
	[
		103.95079,
		1.37274
	],
	[
		103.95097,
		1.37293
	],
	[
		103.95105,
		1.37302
	],
	[
		103.95111,
		1.3731
	],
	[
		103.95114,
		1.37319
	],
	[
		103.95117,
		1.37329
	],
	[
		103.95119,
		1.3734
	],
	[
		103.95118,
		1.37369
	],
	[
		103.95118,
		1.37378
	],
	[
		103.95118,
		1.37378
	],
	[
		103.95117,
		1.37472
	],
	[
		103.95117,
		1.37489
	],
	[
		103.95139,
		1.37491
	],
	[
		103.95245,
		1.37501
	],
	[
		103.95255,
		1.37502
	],
	[
		103.95266,
		1.37504
	],
	[
		103.95323,
		1.37511
	],
	[
		103.95329,
		1.37512
	],
	[
		103.95345,
		1.37513
	],
	[
		103.95362,
		1.37516
	],
	[
		103.95389,
		1.37519
	],
	[
		103.95398,
		1.3752
	],
	[
		103.95401,
		1.37521
	],
	[
		103.95402,
		1.37521
	],
	[
		103.95449,
		1.37527
	],
	[
		103.95457,
		1.37528
	],
	[
		103.95599,
		1.37545
	],
	[
		103.95614,
		1.37547
	],
	[
		103.95622,
		1.37548
	],
	[
		103.95634,
		1.37549
	],
	[
		103.95681,
		1.37552
	],
	[
		103.95758,
		1.37555
	],
	[
		103.95796,
		1.37554
	],
	[
		103.9621,
		1.37499
	],
	[
		103.96207,
		1.37499
	],
	[
		103.96204,
		1.375
	],
	[
		103.96203,
		1.375
	],
	[
		103.96155,
		1.37509
	],
	[
		103.96132,
		1.37513
	],
	[
		103.96109,
		1.37516
	],
	[
		103.9599,
		1.37537
	],
	[
		103.95932,
		1.37547
	],
	[
		103.95928,
		1.37548
	],
	[
		103.9621,
		1.37499
	],
	[
		103.96212,
		1.37498
	],
	[
		103.96224,
		1.37496
	],
	[
		103.96263,
		1.37486
	],
	[
		103.96288,
		1.37474
	],
	[
		103.96311,
		1.37459
	],
	[
		103.96332,
		1.37441
	],
	[
		103.96355,
		1.37412
	],
	[
		103.96374,
		1.37371
	],
	[
		103.96382,
		1.37344
	],
	[
		103.96385,
		1.37321
	],
	[
		103.96385,
		1.37321
	],
	[
		103.96385,
		1.3732
	],
	[
		103.96384,
		1.37308
	],
	[
		103.96384,
		1.37305
	],
	[
		103.96376,
		1.37135
	],
	[
		103.96375,
		1.37115
	],
	[
		103.96373,
		1.37076
	],
	[
		103.96376,
		1.3703
	],
	[
		103.96381,
		1.37011
	],
	[
		103.96381,
		1.3701
	],
	[
		103.96388,
		1.36986
	],
	[
		103.96396,
		1.36966
	],
	[
		103.96397,
		1.36965
	],
	[
		103.96399,
		1.36962
	],
	[
		103.964,
		1.36961
	],
	[
		103.96408,
		1.36946
	],
	[
		103.96494,
		1.36804
	],
	[
		103.96499,
		1.36796
	],
	[
		103.96509,
		1.36779
	],
	[
		103.96545,
		1.3672
	],
	[
		103.96547,
		1.36716
	],
	[
		103.96548,
		1.36715
	],
	[
		103.96548,
		1.36714
	],
	[
		103.96567,
		1.36683
	],
	[
		103.96576,
		1.36668
	],
	[
		103.96586,
		1.36656
	],
	[
		103.96633,
		1.36605
	],
	[
		103.96653,
		1.36599
	],
	[
		103.96654,
		1.36599
	],
	[
		103.96661,
		1.36596
	],
	[
		103.96666,
		1.36597
	],
	[
		103.96688,
		1.36598
	],
	[
		103.96736,
		1.36646
	],
	[
		103.96794,
		1.36704
	],
	[
		103.96807,
		1.36717
	],
	[
		103.96836,
		1.36746
	],
	[
		103.96982,
		1.36892
	],
	[
		103.96985,
		1.36895
	],
	[
		103.97013,
		1.36924
	],
	[
		103.97054,
		1.36965
	],
	[
		103.97056,
		1.36967
	],
	[
		103.97102,
		1.37013
	],
	[
		103.97114,
		1.37025
	],
	[
		103.97132,
		1.37043
	],
	[
		103.97193,
		1.37104
	],
	[
		103.97196,
		1.37107
	],
	[
		103.97231,
		1.37143
	],
	[
		103.97246,
		1.37157
	],
	[
		103.97249,
		1.3716
	],
	[
		103.97249,
		1.3716
	],
	[
		103.97275,
		1.37187
	],
	[
		103.97295,
		1.37206
	],
	[
		103.97846,
		1.37966
	],
	[
		103.97846,
		1.37968
	],
	[
		103.97827,
		1.38329
	],
	[
		103.97826,
		1.38331
	],
	[
		103.97824,
		1.38371
	],
	[
		103.97822,
		1.38423
	],
	[
		103.97822,
		1.38452
	],
	[
		103.97826,
		1.38486
	],
	[
		103.97833,
		1.38517
	],
	[
		103.97845,
		1.38552
	],
	[
		103.97862,
		1.38587
	],
	[
		103.97881,
		1.38615
	],
	[
		103.97903,
		1.38641
	],
	[
		103.97923,
		1.3866
	],
	[
		103.97923,
		1.3866
	],
	[
		103.97928,
		1.38665
	],
	[
		103.97954,
		1.38684
	],
	[
		103.9798,
		1.38699
	],
	[
		103.98009,
		1.38718
	],
	[
		103.98022,
		1.38722
	],
	[
		103.98123,
		1.38762
	],
	[
		103.98181,
		1.38783
	],
	[
		103.98186,
		1.38785
	],
	[
		103.98215,
		1.38792
	],
	[
		103.98263,
		1.38798
	],
	[
		103.9829,
		1.38796
	],
	[
		103.98383,
		1.38788
	],
	[
		103.98547,
		1.38772
	],
	[
		103.98558,
		1.38771
	],
	[
		103.98688,
		1.38757
	],
	[
		103.98727,
		1.38756
	],
	[
		103.98741,
		1.38756
	],
	[
		103.98785,
		1.38755
	],
	[
		103.98816,
		1.38761
	],
	[
		103.98839,
		1.38769
	],
	[
		103.98851,
		1.38774
	],
	[
		103.98873,
		1.38783
	],
	[
		103.98916,
		1.38812
	],
	[
		103.98943,
		1.38836
	],
	[
		103.98963,
		1.3886
	],
	[
		103.98977,
		1.38883
	],
	[
		103.98986,
		1.38903
	],
	[
		103.99011,
		1.38981
	],
	[
		103.99032,
		1.39085
	],
	[
		103.99033,
		1.39103
	],
	[
		103.99028,
		1.3911
	],
	[
		103.99027,
		1.39116
	],
	[
		103.99028,
		1.39121
	],
	[
		103.99047,
		1.39118
	],
	[
		103.99068,
		1.39113
	],
	[
		103.99084,
		1.39111
	],
	[
		103.99101,
		1.39107
	],
	[
		103.99113,
		1.39105
	],
	[
		103.99154,
		1.39089
	],
	[
		103.99174,
		1.3908
	],
	[
		103.99178,
		1.39072
	],
	[
		103.99207,
		1.39061
	],
	[
		103.99248,
		1.3904
	],
	[
		103.99292,
		1.39019
	],
	[
		103.99303,
		1.39013
	],
	[
		103.99328,
		1.39006
	],
	[
		103.99375,
		1.38997
	],
	[
		103.99479,
		1.38987
	],
	[
		103.99511,
		1.38984
	],
	[
		103.99537,
		1.38981
	],
	[
		103.99618,
		1.38973
	],
	[
		103.99703,
		1.38965
	],
	[
		103.9975,
		1.38954
	],
	[
		103.99758,
		1.3895
	],
	[
		103.99784,
		1.3894
	],
	[
		103.99818,
		1.38918
	],
	[
		103.99844,
		1.38896
	],
	[
		103.99859,
		1.38876
	],
	[
		103.99918,
		1.38782
	],
	[
		103.9995,
		1.38736
	],
	[
		103.99962,
		1.38716
	],
	[
		104.00003,
		1.38649
	],
	[
		104.00004,
		1.3863
	],
	[
		103.99988,
		1.38625
	],
	[
		103.99973,
		1.38617
	],
	[
		103.99968,
		1.3861
	],
	[
		103.99967,
		1.386
	],
	[
		103.9997,
		1.38593
	],
	[
		103.99974,
		1.38579
	],
	[
		103.99981,
		1.38559
	],
	[
		103.99983,
		1.38549
	],
	[
		103.99982,
		1.38538
	],
	[
		103.99977,
		1.38528
	],
	[
		103.99962,
		1.38498
	],
	[
		103.99948,
		1.38465
	],
	[
		103.99903,
		1.38355
	],
	[
		103.99866,
		1.3828
	],
	[
		103.99839,
		1.38226
	],
	[
		103.99819,
		1.38174
	],
	[
		103.99816,
		1.38168
	],
	[
		103.99807,
		1.38147
	],
	[
		103.99806,
		1.38144
	],
	[
		103.99615,
		1.37517
	],
	[
		103.99627,
		1.37512
	],
	[
		103.99665,
		1.37496
	],
	[
		103.99673,
		1.37489
	],
	[
		103.99677,
		1.37477
	],
	[
		103.99671,
		1.37456
	],
	[
		103.99638,
		1.37376
	],
	[
		103.99628,
		1.37362
	],
	[
		103.99612,
		1.37352
	],
	[
		103.99599,
		1.3734
	],
	[
		103.99588,
		1.37324
	],
	[
		103.99563,
		1.37269
	],
	[
		103.99532,
		1.37199
	],
	[
		103.99461,
		1.37227
	],
	[
		103.99409,
		1.37248
	],
	[
		103.99408,
		1.37255
	],
	[
		103.99411,
		1.37264
	],
	[
		103.99451,
		1.37356
	],
	[
		103.99615,
		1.37692
	],
	[
		103.99592,
		1.37659
	],
	[
		103.99572,
		1.37642
	],
	[
		103.99567,
		1.37632
	],
	[
		103.99541,
		1.37572
	],
	[
		103.99475,
		1.37412
	],
	[
		103.99451,
		1.37356
	],
	[
		103.99908,
		1.38554
	],
	[
		103.99926,
		1.386
	],
	[
		103.99931,
		1.38613
	],
	[
		103.99938,
		1.38621
	],
	[
		103.99953,
		1.38625
	],
	[
		103.99975,
		1.38633
	],
	[
		103.99984,
		1.38644
	],
	[
		103.99987,
		1.38657
	],
	[
		103.99955,
		1.38707
	],
	[
		103.99947,
		1.38725
	],
	[
		103.99911,
		1.38781
	],
	[
		103.99886,
		1.3882
	],
	[
		103.99861,
		1.3886
	],
	[
		103.99848,
		1.38877
	],
	[
		103.99835,
		1.38893
	],
	[
		103.99819,
		1.38907
	],
	[
		103.99804,
		1.38918
	],
	[
		103.99787,
		1.38929
	],
	[
		103.99768,
		1.38939
	],
	[
		103.99738,
		1.3895
	],
	[
		103.99706,
		1.38957
	],
	[
		103.99618,
		1.38966
	],
	[
		103.99594,
		1.38969
	],
	[
		103.99539,
		1.38974
	],
	[
		103.99478,
		1.3898
	],
	[
		103.99377,
		1.38991
	],
	[
		103.99337,
		1.38996
	],
	[
		103.99298,
		1.39007
	],
	[
		103.9926,
		1.39025
	],
	[
		103.99256,
		1.39027
	],
	[
		103.99242,
		1.39033
	],
	[
		103.99215,
		1.39047
	],
	[
		103.99203,
		1.39052
	],
	[
		103.99175,
		1.39063
	],
	[
		103.99153,
		1.39066
	],
	[
		103.99132,
		1.39066
	],
	[
		103.99109,
		1.39061
	],
	[
		103.99089,
		1.39053
	],
	[
		103.99069,
		1.39042
	],
	[
		103.99052,
		1.39028
	],
	[
		103.99036,
		1.39009
	],
	[
		103.99025,
		1.38992
	],
	[
		103.99015,
		1.38969
	],
	[
		103.98994,
		1.38908
	],
	[
		103.98988,
		1.38892
	],
	[
		103.98977,
		1.38869
	],
	[
		103.98966,
		1.3885
	],
	[
		103.98965,
		1.38849
	],
	[
		103.98965,
		1.38849
	],
	[
		103.98921,
		1.38806
	],
	[
		103.98908,
		1.38797
	],
	[
		103.9888,
		1.3878
	],
	[
		103.98861,
		1.38768
	],
	[
		103.9883,
		1.38756
	],
	[
		103.98799,
		1.38749
	],
	[
		103.98785,
		1.38748
	],
	[
		103.98735,
		1.38747
	],
	[
		103.98731,
		1.38747
	],
	[
		103.98645,
		1.38746
	],
	[
		103.98617,
		1.38751
	],
	[
		103.98575,
		1.38758
	],
	[
		103.98544,
		1.38762
	],
	[
		103.98329,
		1.38781
	],
	[
		103.98265,
		1.38785
	],
	[
		103.98237,
		1.38785
	],
	[
		103.9821,
		1.3878
	],
	[
		103.982,
		1.38777
	],
	[
		103.9817,
		1.3877
	],
	[
		103.98078,
		1.38735
	],
	[
		103.98041,
		1.3872
	],
	[
		103.98014,
		1.38705
	],
	[
		103.9796,
		1.38672
	],
	[
		103.97956,
		1.3867
	],
	[
		103.97935,
		1.38656
	],
	[
		103.97915,
		1.38637
	],
	[
		103.97902,
		1.38623
	],
	[
		103.97889,
		1.38609
	],
	[
		103.97876,
		1.3859
	],
	[
		103.97865,
		1.3857
	],
	[
		103.97856,
		1.38554
	],
	[
		103.97847,
		1.3853
	],
	[
		103.9784,
		1.38507
	],
	[
		103.97835,
		1.38485
	],
	[
		103.97832,
		1.38462
	],
	[
		103.97832,
		1.38429
	],
	[
		103.97836,
		1.3837
	],
	[
		103.97863,
		1.37888
	],
	[
		103.97864,
		1.37863
	],
	[
		103.97863,
		1.3786
	],
	[
		103.97861,
		1.37839
	],
	[
		103.97855,
		1.37816
	],
	[
		103.97848,
		1.37792
	],
	[
		103.9784,
		1.37771
	],
	[
		103.97832,
		1.37753
	],
	[
		103.97822,
		1.37737
	],
	[
		103.97809,
		1.37717
	],
	[
		103.97787,
		1.37691
	],
	[
		103.97728,
		1.3763
	],
	[
		103.97673,
		1.37576
	],
	[
		103.97615,
		1.37518
	],
	[
		103.97524,
		1.37417
	],
	[
		103.97502,
		1.37397
	],
	[
		103.97495,
		1.37389
	],
	[
		103.97478,
		1.3737
	],
	[
		103.97451,
		1.37354
	],
	[
		103.97427,
		1.37331
	],
	[
		103.97295,
		1.37206
	],
	[
		103.97275,
		1.37187
	],
	[
		103.97249,
		1.3716
	],
	[
		103.97246,
		1.37157
	],
	[
		103.97231,
		1.37143
	],
	[
		103.97196,
		1.37107
	],
	[
		103.97132,
		1.37043
	],
	[
		103.97114,
		1.37025
	],
	[
		103.97102,
		1.37013
	],
	[
		103.97054,
		1.36965
	],
	[
		103.97013,
		1.36924
	],
	[
		103.96982,
		1.36892
	],
	[
		103.96837,
		1.36747
	],
	[
		103.96831,
		1.36742
	],
	[
		103.96807,
		1.36717
	],
	[
		103.96837,
		1.36747
	],
	[
		103.96836,
		1.36746
	],
	[
		103.96807,
		1.36717
	],
	[
		103.96807,
		1.36717
	],
	[
		103.96736,
		1.36646
	],
	[
		103.96688,
		1.36598
	],
	[
		103.96675,
		1.36585
	],
	[
		103.96663,
		1.36574
	],
	[
		103.96651,
		1.36587
	],
	[
		103.96633,
		1.36605
	],
	[
		103.966,
		1.3664
	],
	[
		103.96586,
		1.36656
	],
	[
		103.96576,
		1.36668
	],
	[
		103.96567,
		1.36683
	],
	[
		103.96548,
		1.36714
	],
	[
		103.96548,
		1.36715
	],
	[
		103.96547,
		1.36716
	],
	[
		103.96545,
		1.3672
	],
	[
		103.96509,
		1.36779
	],
	[
		103.96499,
		1.36796
	],
	[
		103.96494,
		1.36804
	],
	[
		103.96408,
		1.36946
	],
	[
		103.964,
		1.36961
	],
	[
		103.96399,
		1.36962
	],
	[
		103.96397,
		1.36965
	],
	[
		103.96396,
		1.36966
	],
	[
		103.96388,
		1.36986
	],
	[
		103.96381,
		1.3701
	],
	[
		103.96381,
		1.37011
	],
	[
		103.96376,
		1.3703
	],
	[
		103.96373,
		1.37076
	],
	[
		103.96375,
		1.37115
	],
	[
		103.96376,
		1.37135
	],
	[
		103.96384,
		1.37305
	],
	[
		103.96384,
		1.37308
	],
	[
		103.96385,
		1.3732
	],
	[
		103.96385,
		1.37321
	],
	[
		103.96385,
		1.37321
	],
	[
		103.96382,
		1.37344
	],
	[
		103.96374,
		1.37371
	],
	[
		103.96355,
		1.37412
	],
	[
		103.96332,
		1.37441
	],
	[
		103.96311,
		1.37459
	],
	[
		103.96288,
		1.37474
	],
	[
		103.96263,
		1.37486
	],
	[
		103.96224,
		1.37496
	],
	[
		103.96212,
		1.37498
	],
	[
		103.9621,
		1.37499
	],
	[
		103.96203,
		1.375
	],
	[
		103.95799,
		1.37554
	],
	[
		103.95796,
		1.37554
	],
	[
		103.95796,
		1.37554
	],
	[
		103.95758,
		1.37555
	],
	[
		103.95681,
		1.37552
	],
	[
		103.95656,
		1.3755
	],
	[
		103.95614,
		1.37547
	],
	[
		103.95599,
		1.37545
	],
	[
		103.95457,
		1.37528
	],
	[
		103.95449,
		1.37527
	],
	[
		103.95402,
		1.37521
	],
	[
		103.95401,
		1.37521
	],
	[
		103.95398,
		1.3752
	],
	[
		103.95389,
		1.37519
	],
	[
		103.95362,
		1.37516
	],
	[
		103.95345,
		1.37513
	],
	[
		103.95329,
		1.37512
	],
	[
		103.95323,
		1.37511
	],
	[
		103.95266,
		1.37504
	],
	[
		103.95255,
		1.37502
	],
	[
		103.95245,
		1.37501
	],
	[
		103.95139,
		1.37491
	],
	[
		103.95117,
		1.37489
	],
	[
		103.95117,
		1.37472
	],
	[
		103.95118,
		1.37378
	],
	[
		103.95118,
		1.37378
	],
	[
		103.95118,
		1.37369
	],
	[
		103.95119,
		1.3734
	],
	[
		103.95117,
		1.37329
	],
	[
		103.95114,
		1.37319
	],
	[
		103.95111,
		1.3731
	],
	[
		103.95105,
		1.37302
	],
	[
		103.95097,
		1.37293
	],
	[
		103.95079,
		1.37274
	],
	[
		103.95074,
		1.37268
	],
	[
		103.95074,
		1.37268
	],
	[
		103.95071,
		1.37265
	],
	[
		103.9507,
		1.37265
	],
	[
		103.95042,
		1.37235
	],
	[
		103.9504,
		1.37232
	],
	[
		103.95018,
		1.37208
	],
	[
		103.95009,
		1.37201
	],
	[
		103.94996,
		1.37196
	],
	[
		103.94986,
		1.37195
	],
	[
		103.94932,
		1.37207
	],
	[
		103.94904,
		1.37133
	],
	[
		103.9489,
		1.37094
	],
	[
		103.94875,
		1.37107
	],
	[
		103.94858,
		1.37122
	],
	[
		103.94849,
		1.3713
	],
	[
		103.94827,
		1.37149
	],
	[
		103.94822,
		1.37154
	],
	[
		103.94773,
		1.37188
	],
	[
		103.9475,
		1.37199
	],
	[
		103.94734,
		1.37207
	],
	[
		103.94723,
		1.37212
	],
	[
		103.94701,
		1.3722
	],
	[
		103.9461,
		1.37257
	],
	[
		103.94607,
		1.37258
	],
	[
		103.94603,
		1.37259
	],
	[
		103.94597,
		1.37261
	],
	[
		103.94574,
		1.37271
	],
	[
		103.94572,
		1.37271
	],
	[
		103.9457,
		1.37272
	],
	[
		103.94561,
		1.37276
	],
	[
		103.94509,
		1.37297
	],
	[
		103.94501,
		1.373
	],
	[
		103.94491,
		1.37304
	],
	[
		103.94468,
		1.37313
	],
	[
		103.94353,
		1.37359
	],
	[
		103.94352,
		1.37359
	],
	[
		103.94272,
		1.37391
	],
	[
		103.94272,
		1.37391
	],
	[
		103.94238,
		1.37405
	],
	[
		103.94188,
		1.37431
	],
	[
		103.94174,
		1.37442
	],
	[
		103.9412,
		1.37481
	],
	[
		103.94103,
		1.37493
	],
	[
		103.94099,
		1.37497
	],
	[
		103.94092,
		1.37501
	],
	[
		103.94078,
		1.37512
	],
	[
		103.94069,
		1.37519
	],
	[
		103.94048,
		1.37534
	],
	[
		103.94036,
		1.37543
	],
	[
		103.94034,
		1.37545
	],
	[
		103.93984,
		1.37582
	],
	[
		103.93983,
		1.37583
	],
	[
		103.93978,
		1.37586
	],
	[
		103.93942,
		1.37609
	],
	[
		103.93901,
		1.37641
	],
	[
		103.93851,
		1.37679
	],
	[
		103.93628,
		1.37849
	],
	[
		103.93627,
		1.3785
	],
	[
		103.93588,
		1.37879
	],
	[
		103.9357,
		1.37893
	],
	[
		103.93553,
		1.37905
	],
	[
		103.93468,
		1.37968
	],
	[
		103.93432,
		1.37969
	],
	[
		103.93413,
		1.37968
	],
	[
		103.93324,
		1.37841
	],
	[
		103.93291,
		1.37794
	],
	[
		103.9327,
		1.37765
	],
	[
		103.93237,
		1.37688
	],
	[
		103.93223,
		1.37658
	],
	[
		103.93197,
		1.37601
	],
	[
		103.93196,
		1.37599
	],
	[
		103.93191,
		1.37587
	],
	[
		103.93188,
		1.37582
	],
	[
		103.93161,
		1.3758
	],
	[
		103.93122,
		1.37577
	],
	[
		103.93069,
		1.3759
	],
	[
		103.9298,
		1.37644
	],
	[
		103.92853,
		1.37712
	],
	[
		103.92833,
		1.37718
	],
	[
		103.92777,
		1.37734
	],
	[
		103.92714,
		1.37749
	],
	[
		103.92419,
		1.37819
	],
	[
		103.92367,
		1.37834
	],
	[
		103.92344,
		1.37841
	],
	[
		103.92263,
		1.37869
	],
	[
		103.92069,
		1.37959
	],
	[
		103.91998,
		1.38003
	],
	[
		103.91916,
		1.38064
	],
	[
		103.9184,
		1.38132
	],
	[
		103.91749,
		1.38226
	],
	[
		103.9174,
		1.38234
	],
	[
		103.91581,
		1.38398
	],
	[
		103.91281,
		1.38749
	],
	[
		103.91161,
		1.38887
	],
	[
		103.90753,
		1.39358
	],
	[
		103.90611,
		1.39488
	],
	[
		103.90541,
		1.39529
	],
	[
		103.90495,
		1.39557
	],
	[
		103.90392,
		1.39614
	],
	[
		103.90368,
		1.39622
	],
	[
		103.90353,
		1.39622
	],
	[
		103.90333,
		1.39614
	],
	[
		103.9032,
		1.39608
	],
	[
		103.90306,
		1.39602
	],
	[
		103.9029,
		1.39579
	],
	[
		103.90249,
		1.39535
	],
	[
		103.90229,
		1.39515
	],
	[
		103.90228,
		1.39514
	],
	[
		103.90228,
		1.39514
	],
	[
		103.90227,
		1.39513
	],
	[
		103.90225,
		1.39511
	],
	[
		103.90216,
		1.39502
	],
	[
		103.90208,
		1.39494
	],
	[
		103.90207,
		1.39494
	],
	[
		103.90199,
		1.39486
	],
	[
		103.90173,
		1.39461
	],
	[
		103.90159,
		1.39445
	],
	[
		103.9014,
		1.39418
	],
	[
		103.90128,
		1.39422
	],
	[
		103.90103,
		1.3943
	],
	[
		103.90042,
		1.39453
	],
	[
		103.9004,
		1.39454
	],
	[
		103.9004,
		1.39454
	],
	[
		103.90036,
		1.39455
	],
	[
		103.90016,
		1.39463
	],
	[
		103.89996,
		1.3947
	],
	[
		103.89987,
		1.39473
	],
	[
		103.89946,
		1.39487
	],
	[
		103.89933,
		1.39484
	],
	[
		103.89932,
		1.39483
	],
	[
		103.89931,
		1.39483
	],
	[
		103.89914,
		1.39477
	],
	[
		103.89903,
		1.39467
	],
	[
		103.89894,
		1.3946
	],
	[
		103.89868,
		1.39387
	],
	[
		103.89863,
		1.39372
	],
	[
		103.89862,
		1.39371
	],
	[
		103.89853,
		1.39346
	],
	[
		103.89842,
		1.39315
	],
	[
		103.89838,
		1.39302
	],
	[
		103.89837,
		1.393
	],
	[
		103.89837,
		1.39299
	],
	[
		103.8983,
		1.39282
	],
	[
		103.89808,
		1.3922
	],
	[
		103.89804,
		1.39209
	],
	[
		103.898,
		1.39197
	],
	[
		103.898,
		1.39195
	],
	[
		103.89798,
		1.3919
	],
	[
		103.89796,
		1.39185
	],
	[
		103.89794,
		1.39178
	],
	[
		103.89793,
		1.39176
	],
	[
		103.89793,
		1.39176
	],
	[
		103.89792,
		1.39174
	],
	[
		103.89789,
		1.39164
	],
	[
		103.89785,
		1.39153
	],
	[
		103.89772,
		1.39115
	],
	[
		103.89768,
		1.39104
	],
	[
		103.89768,
		1.39103
	],
	[
		103.89768,
		1.39103
	],
	[
		103.89767,
		1.391
	],
	[
		103.89765,
		1.39094
	],
	[
		103.89752,
		1.39057
	],
	[
		103.89735,
		1.39011
	],
	[
		103.89726,
		1.38978
	],
	[
		103.89716,
		1.38946
	],
	[
		103.89704,
		1.38911
	],
	[
		103.89697,
		1.38892
	],
	[
		103.89676,
		1.38834
	],
	[
		103.89672,
		1.38821
	],
	[
		103.89669,
		1.38812
	],
	[
		103.89667,
		1.38807
	],
	[
		103.89667,
		1.38806
	],
	[
		103.89665,
		1.388
	],
	[
		103.89662,
		1.38793
	],
	[
		103.89662,
		1.38793
	],
	[
		103.89656,
		1.38774
	],
	[
		103.89653,
		1.38767
	],
	[
		103.89651,
		1.38761
	],
	[
		103.89627,
		1.38689
	],
	[
		103.89626,
		1.38688
	],
	[
		103.89621,
		1.38673
	],
	[
		103.89621,
		1.38672
	],
	[
		103.89619,
		1.38666
	],
	[
		103.89618,
		1.38663
	],
	[
		103.89615,
		1.38654
	],
	[
		103.89601,
		1.38614
	],
	[
		103.89599,
		1.38601
	],
	[
		103.89599,
		1.38574
	],
	[
		103.89603,
		1.38558
	],
	[
		103.89606,
		1.38544
	],
	[
		103.89671,
		1.38476
	],
	[
		103.89692,
		1.38455
	],
	[
		103.89702,
		1.38444
	],
	[
		103.89753,
		1.38391
	],
	[
		103.89754,
		1.3839
	],
	[
		103.89755,
		1.38389
	],
	[
		103.89758,
		1.38386
	],
	[
		103.89758,
		1.38386
	],
	[
		103.89762,
		1.38381
	],
	[
		103.89763,
		1.3838
	],
	[
		103.89766,
		1.38377
	],
	[
		103.89811,
		1.3833
	],
	[
		103.89825,
		1.38319
	],
	[
		103.89838,
		1.38308
	],
	[
		103.8984,
		1.38306
	],
	[
		103.89841,
		1.38305
	],
	[
		103.89842,
		1.38304
	],
	[
		103.89842,
		1.38304
	],
	[
		103.89844,
		1.38302
	],
	[
		103.89849,
		1.38298
	],
	[
		103.89843,
		1.38293
	],
	[
		103.89843,
		1.38293
	],
	[
		103.89836,
		1.38287
	],
	[
		103.89826,
		1.38278
	],
	[
		103.89813,
		1.38267
	],
	[
		103.89758,
		1.38214
	],
	[
		103.89738,
		1.38163
	],
	[
		103.89735,
		1.38157
	],
	[
		103.89674,
		1.37782
	],
	[
		103.89674,
		1.37783
	],
	[
		103.89674,
		1.37784
	],
	[
		103.89674,
		1.37787
	],
	[
		103.89674,
		1.37788
	],
	[
		103.89676,
		1.37819
	],
	[
		103.89676,
		1.3783
	],
	[
		103.89676,
		1.37831
	],
	[
		103.89678,
		1.37844
	],
	[
		103.89684,
		1.37891
	],
	[
		103.89689,
		1.37922
	],
	[
		103.89691,
		1.3794
	],
	[
		103.89693,
		1.37956
	],
	[
		103.89697,
		1.37986
	],
	[
		103.89707,
		1.38047
	],
	[
		103.8972,
		1.38101
	],
	[
		103.89733,
		1.38152
	],
	[
		103.89734,
		1.38154
	],
	[
		103.89734,
		1.38154
	],
	[
		103.89734,
		1.38155
	],
	[
		103.89735,
		1.38157
	],
	[
		103.89735,
		1.38157
	],
	[
		103.89674,
		1.37782
	],
	[
		103.89673,
		1.37778
	],
	[
		103.8967,
		1.37721
	],
	[
		103.89665,
		1.37706
	],
	[
		103.89642,
		1.37666
	],
	[
		103.89635,
		1.37655
	],
	[
		103.89628,
		1.37643
	],
	[
		103.89625,
		1.37638
	],
	[
		103.89624,
		1.37637
	],
	[
		103.89623,
		1.37636
	],
	[
		103.89622,
		1.37635
	],
	[
		103.8962,
		1.37631
	],
	[
		103.89617,
		1.37627
	],
	[
		103.89615,
		1.37624
	],
	[
		103.89615,
		1.37623
	],
	[
		103.89609,
		1.37614
	],
	[
		103.89602,
		1.37603
	],
	[
		103.89593,
		1.3759
	],
	[
		103.89585,
		1.37577
	],
	[
		103.89563,
		1.37545
	],
	[
		103.89551,
		1.37532
	],
	[
		103.89548,
		1.37527
	],
	[
		103.89542,
		1.3752
	],
	[
		103.89523,
		1.37498
	],
	[
		103.89522,
		1.37497
	],
	[
		103.89522,
		1.37497
	],
	[
		103.89521,
		1.37495
	],
	[
		103.89516,
		1.3749
	],
	[
		103.89515,
		1.37488
	],
	[
		103.89514,
		1.37488
	],
	[
		103.89479,
		1.37446
	],
	[
		103.89477,
		1.37443
	],
	[
		103.89474,
		1.37439
	],
	[
		103.89435,
		1.37393
	],
	[
		103.89429,
		1.37381
	],
	[
		103.89426,
		1.37367
	],
	[
		103.89426,
		1.37329
	],
	[
		103.89426,
		1.37319
	],
	[
		103.89426,
		1.37319
	],
	[
		103.89426,
		1.37312
	],
	[
		103.89426,
		1.3731
	],
	[
		103.89426,
		1.3731
	],
	[
		103.89426,
		1.37309
	],
	[
		103.89426,
		1.37308
	],
	[
		103.89426,
		1.37307
	],
	[
		103.89426,
		1.373
	],
	[
		103.89418,
		1.373
	],
	[
		103.89404,
		1.37301
	],
	[
		103.89394,
		1.37301
	],
	[
		103.89341,
		1.37301
	],
	[
		103.89312,
		1.37301
	],
	[
		103.893,
		1.37302
	],
	[
		103.89286,
		1.37302
	],
	[
		103.89283,
		1.37302
	],
	[
		103.89275,
		1.37302
	],
	[
		103.89266,
		1.37302
	],
	[
		103.89262,
		1.37302
	],
	[
		103.89262,
		1.37302
	],
	[
		103.89258,
		1.37302
	],
	[
		103.89237,
		1.37302
	],
	[
		103.89222,
		1.37302
	],
	[
		103.89171,
		1.37302
	],
	[
		103.89171,
		1.37302
	],
	[
		103.8917,
		1.37302
	],
	[
		103.8917,
		1.37302
	],
	[
		103.89168,
		1.37302
	],
	[
		103.89157,
		1.37302
	],
	[
		103.89133,
		1.37302
	],
	[
		103.89119,
		1.373
	],
	[
		103.89106,
		1.37294
	],
	[
		103.89089,
		1.37281
	],
	[
		103.89005,
		1.37191
	],
	[
		103.89005,
		1.3719
	],
	[
		103.88969,
		1.37153
	],
	[
		103.88967,
		1.37151
	],
	[
		103.88957,
		1.3714
	],
	[
		103.88956,
		1.37139
	],
	[
		103.88918,
		1.37088
	],
	[
		103.88915,
		1.37074
	],
	[
		103.88915,
		1.3706
	],
	[
		103.88918,
		1.37046
	],
	[
		103.88925,
		1.3703
	],
	[
		103.88926,
		1.37028
	],
	[
		103.88952,
		1.36979
	],
	[
		103.88975,
		1.36934
	],
	[
		103.88994,
		1.36955
	],
	[
		103.89049,
		1.37018
	],
	[
		103.8907,
		1.3704
	],
	[
		103.89085,
		1.37056
	],
	[
		103.89115,
		1.37089
	],
	[
		103.89138,
		1.37112
	],
	[
		103.89166,
		1.37126
	],
	[
		103.89199,
		1.37134
	],
	[
		103.89208,
		1.37134
	],
	[
		103.89208,
		1.37107
	],
	[
		103.89208,
		1.37073
	],
	[
		103.89267,
		1.37073
	]
]