[
	[
		103.84749,
		1.33139
	],
	[
		103.84753,
		1.33139
	],
	[
		103.84836,
		1.33127
	],
	[
		103.84875,
		1.33122
	],
	[
		103.8491,
		1.33118
	],
	[
		103.84927,
		1.33115
	],
	[
		103.84956,
		1.33111
	],
	[
		103.85012,
		1.33103
	],
	[
		103.85018,
		1.33103
	],
	[
		103.85037,
		1.33103
	],
	[
		103.85046,
		1.33103
	],
	[
		103.8505,
		1.33103
	],
	[
		103.85129,
		1.33114
	],
	[
		103.85167,
		1.33121
	],
	[
		103.85181,
		1.33123
	],
	[
		103.85191,
		1.33125
	],
	[
		103.85242,
		1.33134
	],
	[
		103.85248,
		1.33135
	],
	[
		103.85259,
		1.33136
	],
	[
		103.8527,
		1.33137
	],
	[
		103.85319,
		1.33143
	],
	[
		103.85363,
		1.33144
	],
	[
		103.85373,
		1.33144
	],
	[
		103.85381,
		1.33145
	],
	[
		103.85404,
		1.33145
	],
	[
		103.85463,
		1.33162
	],
	[
		103.8547,
		1.33164
	],
	[
		103.85474,
		1.33153
	],
	[
		103.85497,
		1.33102
	],
	[
		103.8551,
		1.33064
	],
	[
		103.85517,
		1.33046
	],
	[
		103.8554,
		1.33012
	],
	[
		103.85554,
		1.32983
	],
	[
		103.85563,
		1.3296
	],
	[
		103.85571,
		1.32942
	],
	[
		103.85582,
		1.32934
	],
	[
		103.856,
		1.32929
	],
	[
		103.85663,
		1.32924
	],
	[
		103.85798,
		1.32961
	],
	[
		103.85931,
		1.33006
	],
	[
		103.86009,
		1.33044
	],
	[
		103.86082,
		1.3307
	],
	[
		103.86085,
		1.3307
	],
	[
		103.86148,
		1.33077
	],
	[
		103.8618,
		1.3308
	],
	[
		103.86232,
		1.33076
	],
	[
		103.86292,
		1.33056
	],
	[
		103.86327,
		1.33046
	],
	[
		103.86372,
		1.33027
	],
	[
		103.86441,
		1.32998
	],
	[
		103.86509,
		1.32966
	],
	[
		103.86585,
		1.32934
	],
	[
		103.86625,
		1.3292
	],
	[
		103.86649,
		1.32912
	],
	[
		103.86671,
		1.32905
	],
	[
		103.86743,
		1.32886
	],
	[
		103.86771,
		1.32876
	],
	[
		103.86799,
		1.32865
	],
	[
		103.86819,
		1.32855
	],
	[
		103.86844,
		1.32842
	],
	[
		103.86857,
		1.32835
	],
	[
		103.86887,
		1.32819
	],
	[
		103.86925,
		1.32821
	],
	[
		103.86947,
		1.32821
	],
	[
		103.8699,
		1.32832
	],
	[
		103.87018,
		1.32841
	],
	[
		103.87038,
		1.32838
	],
	[
		103.87046,
		1.32841
	],
	[
		103.87053,
		1.32843
	],
	[
		103.87138,
		1.32869
	],
	[
		103.87238,
		1.32904
	],
	[
		103.87249,
		1.32907
	],
	[
		103.87355,
		1.32944
	],
	[
		103.87399,
		1.32959
	],
	[
		103.87399,
		1.32959
	],
	[
		103.87436,
		1.32972
	],
	[
		103.87497,
		1.32993
	],
	[
		103.87505,
		1.32996
	],
	[
		103.87532,
		1.33006
	],
	[
		103.87614,
		1.33034
	],
	[
		103.87645,
		1.33042
	],
	[
		103.87719,
		1.33065
	],
	[
		103.87772,
		1.33081
	],
	[
		103.87816,
		1.33095
	],
	[
		103.87886,
		1.3312
	],
	[
		103.87902,
		1.33126
	],
	[
		103.8791,
		1.33129
	],
	[
		103.8798,
		1.33153
	],
	[
		103.88056,
		1.33169
	],
	[
		103.88069,
		1.33172
	],
	[
		103.88116,
		1.33183
	],
	[
		103.88139,
		1.33188
	],
	[
		103.88151,
		1.3319
	],
	[
		103.88194,
		1.33199
	],
	[
		103.88237,
		1.33207
	],
	[
		103.88253,
		1.33211
	],
	[
		103.88326,
		1.33228
	],
	[
		103.88374,
		1.33238
	],
	[
		103.88467,
		1.33258
	],
	[
		103.88505,
		1.33267
	],
	[
		103.88526,
		1.33271
	],
	[
		103.88586,
		1.33285
	],
	[
		103.88593,
		1.33286
	],
	[
		103.88643,
		1.33298
	],
	[
		103.88696,
		1.3331
	],
	[
		103.88702,
		1.33311
	],
	[
		103.88726,
		1.33317
	],
	[
		103.88762,
		1.33327
	],
	[
		103.88803,
		1.33335
	],
	[
		103.88881,
		1.33352
	],
	[
		103.88897,
		1.33357
	],
	[
		103.8891,
		1.3336
	],
	[
		103.88974,
		1.33379
	],
	[
		103.89015,
		1.3339
	],
	[
		103.89051,
		1.33402
	],
	[
		103.89057,
		1.33404
	],
	[
		103.89058,
		1.33404
	],
	[
		103.89135,
		1.33435
	],
	[
		103.89231,
		1.33482
	],
	[
		103.89244,
		1.33488
	],
	[
		103.89245,
		1.33488
	],
	[
		103.89272,
		1.33502
	],
	[
		103.89348,
		1.33544
	],
	[
		103.89389,
		1.33574
	],
	[
		103.89428,
		1.33601
	],
	[
		103.89479,
		1.33643
	],
	[
		103.89479,
		1.33643
	],
	[
		103.89499,
		1.3366
	],
	[
		103.89511,
		1.3367
	],
	[
		103.89579,
		1.33731
	],
	[
		103.89623,
		1.33776
	],
	[
		103.89614,
		1.33795
	],
	[
		103.89615,
		1.33808
	],
	[
		103.89625,
		1.33827
	],
	[
		103.8966,
		1.33872
	],
	[
		103.89687,
		1.3391
	],
	[
		103.89714,
		1.33948
	],
	[
		103.89754,
		1.34014
	],
	[
		103.89768,
		1.34035
	],
	[
		103.89783,
		1.34054
	],
	[
		103.89794,
		1.34066
	],
	[
		103.89803,
		1.34081
	],
	[
		103.89819,
		1.34112
	],
	[
		103.89883,
		1.34238
	],
	[
		103.89884,
		1.34246
	],
	[
		103.89898,
		1.34302
	],
	[
		103.89902,
		1.34327
	],
	[
		103.89903,
		1.34332
	],
	[
		103.89906,
		1.3435
	],
	[
		103.89908,
		1.34391
	],
	[
		103.89907,
		1.34425
	],
	[
		103.89907,
		1.34433
	],
	[
		103.89906,
		1.34437
	],
	[
		103.89902,
		1.34492
	],
	[
		103.89902,
		1.34492
	],
	[
		103.89891,
		1.34537
	],
	[
		103.8989,
		1.34543
	],
	[
		103.89889,
		1.34547
	],
	[
		103.8987,
		1.34606
	],
	[
		103.89857,
		1.34647
	],
	[
		103.89857,
		1.34647
	],
	[
		103.89841,
		1.34699
	],
	[
		103.89839,
		1.34711
	],
	[
		103.89838,
		1.3472
	],
	[
		103.89837,
		1.34727
	],
	[
		103.89833,
		1.3475
	],
	[
		103.89829,
		1.34803
	],
	[
		103.89832,
		1.34854
	],
	[
		103.89841,
		1.34906
	],
	[
		103.89856,
		1.34959
	],
	[
		103.89864,
		1.34981
	],
	[
		103.89884,
		1.35037
	],
	[
		103.89887,
		1.35045
	],
	[
		103.89901,
		1.35078
	],
	[
		103.89903,
		1.35084
	],
	[
		103.89921,
		1.35127
	],
	[
		103.89928,
		1.35144
	],
	[
		103.8995,
		1.35196
	],
	[
		103.89969,
		1.3524
	],
	[
		103.89967,
		1.35242
	],
	[
		103.89964,
		1.35245
	],
	[
		103.89962,
		1.35248
	],
	[
		103.89961,
		1.35252
	],
	[
		103.89961,
		1.35256
	],
	[
		103.89961,
		1.3526
	],
	[
		103.89962,
		1.35264
	],
	[
		103.89963,
		1.35269
	],
	[
		103.89966,
		1.35272
	],
	[
		103.89968,
		1.35275
	],
	[
		103.89971,
		1.35277
	],
	[
		103.89974,
		1.35278
	],
	[
		103.89977,
		1.3528
	],
	[
		103.89982,
		1.3528
	],
	[
		103.89987,
		1.3528
	],
	[
		103.89991,
		1.35279
	],
	[
		103.89996,
		1.35277
	],
	[
		103.89999,
		1.35275
	],
	[
		103.90001,
		1.35272
	],
	[
		103.90003,
		1.35269
	],
	[
		103.90005,
		1.35265
	],
	[
		103.90006,
		1.3526
	],
	[
		103.90007,
		1.35256
	],
	[
		103.90006,
		1.35252
	],
	[
		103.90004,
		1.35247
	],
	[
		103.90001,
		1.35243
	],
	[
		103.89999,
		1.3524
	],
	[
		103.89996,
		1.35238
	],
	[
		103.89993,
		1.35236
	],
	[
		103.89989,
		1.35235
	],
	[
		103.89986,
		1.35234
	],
	[
		103.89982,
		1.35234
	],
	[
		103.89977,
		1.35235
	],
	[
		103.89972,
		1.35237
	],
	[
		103.89969,
		1.3524
	],
	[
		103.89903,
		1.35084
	],
	[
		103.89901,
		1.35078
	],
	[
		103.89887,
		1.35045
	],
	[
		103.89884,
		1.35037
	],
	[
		103.89864,
		1.34981
	],
	[
		103.89856,
		1.34959
	],
	[
		103.89841,
		1.34906
	],
	[
		103.89832,
		1.34854
	],
	[
		103.89829,
		1.34803
	],
	[
		103.89833,
		1.3475
	],
	[
		103.89837,
		1.34727
	],
	[
		103.89838,
		1.3472
	],
	[
		103.89839,
		1.34711
	],
	[
		103.89841,
		1.34699
	],
	[
		103.89857,
		1.34647
	],
	[
		103.8987,
		1.34606
	],
	[
		103.8987,
		1.34606
	],
	[
		103.89889,
		1.34547
	],
	[
		103.8989,
		1.34543
	],
	[
		103.89891,
		1.34537
	],
	[
		103.89902,
		1.34492
	],
	[
		103.89902,
		1.34492
	],
	[
		103.89902,
		1.34491
	],
	[
		103.89906,
		1.34437
	],
	[
		103.89907,
		1.34433
	],
	[
		103.89907,
		1.34425
	],
	[
		103.89908,
		1.34391
	],
	[
		103.89906,
		1.3435
	],
	[
		103.89903,
		1.34332
	],
	[
		103.89898,
		1.34302
	],
	[
		103.89884,
		1.34246
	],
	[
		103.89883,
		1.34238
	],
	[
		103.89868,
		1.34186
	],
	[
		103.89847,
		1.34141
	],
	[
		103.89818,
		1.34082
	],
	[
		103.89796,
		1.34036
	],
	[
		103.89789,
		1.34013
	],
	[
		103.89778,
		1.33995
	],
	[
		103.89751,
		1.33942
	],
	[
		103.89748,
		1.33937
	],
	[
		103.89709,
		1.33882
	],
	[
		103.89668,
		1.33828
	],
	[
		103.89636,
		1.33791
	],
	[
		103.89623,
		1.33776
	],
	[
		103.89579,
		1.33731
	],
	[
		103.89511,
		1.3367
	],
	[
		103.89499,
		1.3366
	],
	[
		103.89479,
		1.33643
	],
	[
		103.89428,
		1.33601
	],
	[
		103.89389,
		1.33574
	],
	[
		103.89348,
		1.33544
	],
	[
		103.89272,
		1.33502
	],
	[
		103.89244,
		1.33488
	],
	[
		103.89231,
		1.33482
	],
	[
		103.89229,
		1.3348
	],
	[
		103.89135,
		1.33435
	],
	[
		103.89057,
		1.33404
	],
	[
		103.89051,
		1.33402
	],
	[
		103.89015,
		1.3339
	],
	[
		103.88974,
		1.33379
	],
	[
		103.8891,
		1.3336
	],
	[
		103.88897,
		1.33357
	],
	[
		103.88881,
		1.33352
	],
	[
		103.88803,
		1.33335
	],
	[
		103.88762,
		1.33327
	],
	[
		103.88726,
		1.33317
	],
	[
		103.88702,
		1.33311
	],
	[
		103.88696,
		1.3331
	],
	[
		103.88643,
		1.33298
	],
	[
		103.88593,
		1.33286
	],
	[
		103.88586,
		1.33285
	],
	[
		103.88526,
		1.33271
	],
	[
		103.88505,
		1.33267
	],
	[
		103.88467,
		1.33258
	],
	[
		103.88374,
		1.33238
	],
	[
		103.88326,
		1.33228
	],
	[
		103.88253,
		1.33211
	],
	[
		103.88237,
		1.33207
	],
	[
		103.88194,
		1.33199
	],
	[
		103.88151,
		1.3319
	],
	[
		103.88139,
		1.33188
	],
	[
		103.88116,
		1.33183
	],
	[
		103.88069,
		1.33172
	],
	[
		103.88056,
		1.33169
	],
	[
		103.88056,
		1.33169
	],
	[
		103.8798,
		1.33153
	],
	[
		103.8791,
		1.33129
	],
	[
		103.87902,
		1.33126
	],
	[
		103.87886,
		1.3312
	],
	[
		103.87816,
		1.33095
	],
	[
		103.87772,
		1.33081
	],
	[
		103.87719,
		1.33065
	],
	[
		103.87645,
		1.33042
	],
	[
		103.87614,
		1.33034
	],
	[
		103.87532,
		1.33006
	],
	[
		103.87505,
		1.32996
	],
	[
		103.87497,
		1.32993
	],
	[
		103.87436,
		1.32972
	],
	[
		103.87399,
		1.32959
	],
	[
		103.87399,
		1.32959
	],
	[
		103.87355,
		1.32944
	],
	[
		103.87249,
		1.32907
	],
	[
		103.87238,
		1.32904
	],
	[
		103.87138,
		1.32869
	],
	[
		103.87053,
		1.32843
	],
	[
		103.87046,
		1.32841
	],
	[
		103.87038,
		1.32838
	],
	[
		103.87026,
		1.32823
	],
	[
		103.86952,
		1.32799
	],
	[
		103.86942,
		1.32795
	],
	[
		103.86935,
		1.32787
	],
	[
		103.86924,
		1.32773
	],
	[
		103.86911,
		1.32759
	],
	[
		103.86885,
		1.32739
	],
	[
		103.86861,
		1.32752
	],
	[
		103.86837,
		1.32764
	],
	[
		103.86828,
		1.32769
	],
	[
		103.86821,
		1.32779
	],
	[
		103.86804,
		1.32792
	],
	[
		103.86795,
		1.32805
	],
	[
		103.86782,
		1.32815
	],
	[
		103.86698,
		1.32845
	],
	[
		103.86617,
		1.32868
	],
	[
		103.86612,
		1.32869
	],
	[
		103.86536,
		1.32893
	],
	[
		103.86489,
		1.32908
	],
	[
		103.86448,
		1.32925
	],
	[
		103.86407,
		1.32943
	],
	[
		103.86263,
		1.33003
	],
	[
		103.86234,
		1.33012
	],
	[
		103.86181,
		1.33019
	],
	[
		103.86142,
		1.33018
	],
	[
		103.86065,
		1.33013
	],
	[
		103.86025,
		1.33002
	],
	[
		103.85995,
		1.32994
	],
	[
		103.85937,
		1.32974
	],
	[
		103.85865,
		1.32947
	],
	[
		103.85819,
		1.32929
	],
	[
		103.85772,
		1.3292
	],
	[
		103.857,
		1.32898
	],
	[
		103.85641,
		1.32887
	],
	[
		103.85619,
		1.32888
	],
	[
		103.85598,
		1.32894
	],
	[
		103.85577,
		1.32906
	],
	[
		103.85562,
		1.32923
	],
	[
		103.85552,
		1.32943
	],
	[
		103.85536,
		1.32993
	],
	[
		103.85517,
		1.33046
	],
	[
		103.8551,
		1.33064
	],
	[
		103.85497,
		1.33102
	],
	[
		103.85467,
		1.33126
	],
	[
		103.85447,
		1.33134
	],
	[
		103.85434,
		1.33138
	],
	[
		103.85404,
		1.33145
	],
	[
		103.85381,
		1.33145
	],
	[
		103.85373,
		1.33144
	],
	[
		103.85363,
		1.33144
	],
	[
		103.85319,
		1.33143
	],
	[
		103.8527,
		1.33137
	],
	[
		103.8527,
		1.33137
	],
	[
		103.85259,
		1.33136
	],
	[
		103.85248,
		1.33135
	],
	[
		103.85242,
		1.33134
	],
	[
		103.85191,
		1.33125
	],
	[
		103.85181,
		1.33123
	],
	[
		103.85167,
		1.33121
	],
	[
		103.85129,
		1.33114
	],
	[
		103.8505,
		1.33103
	],
	[
		103.85046,
		1.33103
	],
	[
		103.85037,
		1.33103
	],
	[
		103.85012,
		1.33103
	],
	[
		103.84956,
		1.33111
	],
	[
		103.84927,
		1.33115
	],
	[
		103.8491,
		1.33118
	],
	[
		103.84875,
		1.33122
	],
	[
		103.84836,
		1.33127
	],
	[
		103.84753,
		1.33139
	],
	[
		103.84749,
		1.33139
	],
	[
		103.84688,
		1.33147
	],
	[
		103.84635,
		1.33156
	],
	[
		103.84627,
		1.33157
	],
	[
		103.84629,
		1.33163
	],
	[
		103.84643,
		1.33218
	],
	[
		103.84656,
		1.33271
	]
]