[
	[
		103.7892,
		1.31104
	],
	[
		103.7893,
		1.3106
	],
	[
		103.78933,
		1.31048
	],
	[
		103.78942,
		1.31008
	],
	[
		103.78951,
		1.30969
	],
	[
		103.78957,
		1.30946
	],
	[
		103.78958,
		1.30936
	],
	[
		103.78958,
		1.3093
	],
	[
		103.7896,
		1.30907
	],
	[
		103.78954,
		1.30833
	],
	[
		103.78963,
		1.30833
	],
	[
		103.78969,
		1.30833
	],
	[
		103.78996,
		1.30831
	],
	[
		103.79028,
		1.30822
	],
	[
		103.79077,
		1.30802
	],
	[
		103.79122,
		1.30784
	],
	[
		103.79119,
		1.30776
	],
	[
		103.79107,
		1.30745
	],
	[
		103.7909,
		1.30692
	],
	[
		103.79083,
		1.30679
	],
	[
		103.79066,
		1.30645
	],
	[
		103.79065,
		1.30643
	],
	[
		103.7905,
		1.30614
	],
	[
		103.79022,
		1.30569
	],
	[
		103.79001,
		1.30544
	],
	[
		103.78995,
		1.30539
	],
	[
		103.78957,
		1.3051
	],
	[
		103.78873,
		1.30455
	],
	[
		103.78867,
		1.30451
	],
	[
		103.78862,
		1.30447
	],
	[
		103.78802,
		1.30409
	],
	[
		103.78798,
		1.30406
	],
	[
		103.78781,
		1.30392
	],
	[
		103.78764,
		1.3037
	],
	[
		103.78747,
		1.3035
	],
	[
		103.78742,
		1.30345
	],
	[
		103.78739,
		1.30339
	],
	[
		103.78726,
		1.30314
	],
	[
		103.78708,
		1.30271
	],
	[
		103.78705,
		1.30257
	],
	[
		103.78699,
		1.30228
	],
	[
		103.78689,
		1.30187
	],
	[
		103.78686,
		1.30174
	],
	[
		103.7868,
		1.30161
	],
	[
		103.78676,
		1.30152
	],
	[
		103.7866,
		1.30125
	],
	[
		103.78609,
		1.30057
	],
	[
		103.78566,
		1.29991
	],
	[
		103.78555,
		1.29964
	],
	[
		103.78552,
		1.29952
	],
	[
		103.78548,
		1.29939
	],
	[
		103.78545,
		1.29925
	],
	[
		103.78542,
		1.29909
	],
	[
		103.78539,
		1.29881
	],
	[
		103.78539,
		1.29854
	],
	[
		103.78541,
		1.29828
	],
	[
		103.78554,
		1.29772
	],
	[
		103.78557,
		1.29755
	],
	[
		103.78561,
		1.29737
	],
	[
		103.78567,
		1.29703
	],
	[
		103.7858,
		1.29682
	],
	[
		103.78591,
		1.29634
	],
	[
		103.78614,
		1.2953
	],
	[
		103.78618,
		1.29493
	],
	[
		103.78619,
		1.29482
	],
	[
		103.78615,
		1.29442
	],
	[
		103.786,
		1.29399
	],
	[
		103.78592,
		1.29383
	],
	[
		103.78586,
		1.29376
	],
	[
		103.78527,
		1.29326
	],
	[
		103.78505,
		1.29302
	],
	[
		103.78495,
		1.29291
	],
	[
		103.78455,
		1.29249
	],
	[
		103.78453,
		1.29246
	],
	[
		103.7842,
		1.29212
	],
	[
		103.78448,
		1.29185
	],
	[
		103.78502,
		1.29134
	],
	[
		103.78512,
		1.29125
	],
	[
		103.7853,
		1.29108
	],
	[
		103.78535,
		1.29102
	],
	[
		103.78542,
		1.29096
	],
	[
		103.78555,
		1.29087
	],
	[
		103.78556,
		1.29086
	],
	[
		103.78576,
		1.29077
	],
	[
		103.78583,
		1.29075
	],
	[
		103.786,
		1.29072
	],
	[
		103.78618,
		1.29072
	],
	[
		103.78642,
		1.29075
	],
	[
		103.78657,
		1.29077
	],
	[
		103.78709,
		1.29084
	],
	[
		103.78711,
		1.29084
	],
	[
		103.78741,
		1.29089
	],
	[
		103.78767,
		1.29091
	],
	[
		103.78783,
		1.29089
	],
	[
		103.78806,
		1.29083
	],
	[
		103.78822,
		1.29075
	],
	[
		103.78842,
		1.29063
	],
	[
		103.78875,
		1.29043
	],
	[
		103.78897,
		1.29029
	],
	[
		103.78921,
		1.29015
	],
	[
		103.7893,
		1.29009
	],
	[
		103.78944,
		1.29001
	],
	[
		103.78963,
		1.28983
	],
	[
		103.78977,
		1.28961
	],
	[
		103.78983,
		1.28944
	],
	[
		103.78987,
		1.28918
	],
	[
		103.78984,
		1.28856
	],
	[
		103.78984,
		1.28841
	],
	[
		103.78984,
		1.2884
	],
	[
		103.78987,
		1.28797
	],
	[
		103.78999,
		1.28759
	],
	[
		103.79008,
		1.28743
	],
	[
		103.79018,
		1.2873
	],
	[
		103.79034,
		1.28721
	],
	[
		103.79056,
		1.28719
	],
	[
		103.79081,
		1.28726
	],
	[
		103.79116,
		1.28739
	],
	[
		103.79119,
		1.28741
	],
	[
		103.79126,
		1.28745
	],
	[
		103.79119,
		1.28741
	],
	[
		103.79126,
		1.28745
	],
	[
		103.79139,
		1.28752
	],
	[
		103.79165,
		1.28768
	],
	[
		103.79188,
		1.28786
	],
	[
		103.7921,
		1.28806
	],
	[
		103.79119,
		1.28741
	],
	[
		103.79116,
		1.28739
	],
	[
		103.79081,
		1.28726
	],
	[
		103.79056,
		1.28719
	],
	[
		103.79034,
		1.28721
	],
	[
		103.79018,
		1.2873
	],
	[
		103.79008,
		1.28743
	],
	[
		103.78999,
		1.28759
	],
	[
		103.78987,
		1.28797
	],
	[
		103.78984,
		1.2884
	],
	[
		103.78984,
		1.28841
	],
	[
		103.78984,
		1.28856
	],
	[
		103.78987,
		1.28918
	],
	[
		103.78983,
		1.28944
	],
	[
		103.78977,
		1.28961
	],
	[
		103.78963,
		1.28983
	],
	[
		103.78944,
		1.29001
	],
	[
		103.7893,
		1.29009
	],
	[
		103.78921,
		1.29015
	],
	[
		103.78897,
		1.29029
	],
	[
		103.78875,
		1.29043
	],
	[
		103.78842,
		1.29063
	],
	[
		103.78822,
		1.29075
	],
	[
		103.78806,
		1.29083
	],
	[
		103.78783,
		1.29089
	],
	[
		103.78767,
		1.29091
	],
	[
		103.78741,
		1.29089
	],
	[
		103.78711,
		1.29084
	],
	[
		103.78709,
		1.29084
	],
	[
		103.78657,
		1.29077
	],
	[
		103.78642,
		1.29075
	],
	[
		103.78618,
		1.29072
	],
	[
		103.786,
		1.29072
	],
	[
		103.78583,
		1.29075
	],
	[
		103.78576,
		1.29077
	],
	[
		103.78556,
		1.29086
	],
	[
		103.78555,
		1.29087
	],
	[
		103.78542,
		1.29096
	],
	[
		103.78535,
		1.29102
	],
	[
		103.7853,
		1.29108
	],
	[
		103.78512,
		1.29125
	],
	[
		103.78502,
		1.29134
	],
	[
		103.78448,
		1.29185
	],
	[
		103.7842,
		1.29212
	],
	[
		103.78453,
		1.29246
	],
	[
		103.78455,
		1.29249
	],
	[
		103.78495,
		1.29291
	],
	[
		103.78505,
		1.29302
	],
	[
		103.78527,
		1.29326
	],
	[
		103.78555,
		1.29365
	],
	[
		103.7857,
		1.29388
	],
	[
		103.7857,
		1.2939
	],
	[
		103.7858,
		1.29417
	],
	[
		103.78585,
		1.29452
	],
	[
		103.78584,
		1.29483
	],
	[
		103.78579,
		1.29503
	],
	[
		103.78575,
		1.29547
	],
	[
		103.78572,
		1.29583
	],
	[
		103.78563,
		1.29681
	],
	[
		103.78567,
		1.29703
	],
	[
		103.78561,
		1.29737
	],
	[
		103.78557,
		1.29755
	],
	[
		103.78554,
		1.29772
	],
	[
		103.78541,
		1.29828
	],
	[
		103.78539,
		1.29854
	],
	[
		103.78539,
		1.29881
	],
	[
		103.78542,
		1.29909
	],
	[
		103.78545,
		1.29925
	],
	[
		103.78548,
		1.29939
	],
	[
		103.78552,
		1.29952
	],
	[
		103.78555,
		1.29964
	],
	[
		103.78566,
		1.29991
	],
	[
		103.78609,
		1.30057
	],
	[
		103.7866,
		1.30125
	],
	[
		103.78676,
		1.30152
	],
	[
		103.7868,
		1.30161
	],
	[
		103.78686,
		1.30174
	],
	[
		103.78689,
		1.30187
	],
	[
		103.78699,
		1.30228
	],
	[
		103.78705,
		1.30257
	],
	[
		103.78708,
		1.30271
	],
	[
		103.78726,
		1.30314
	],
	[
		103.78739,
		1.30339
	],
	[
		103.78742,
		1.30345
	],
	[
		103.78747,
		1.3035
	],
	[
		103.78764,
		1.3037
	],
	[
		103.78781,
		1.30392
	],
	[
		103.78798,
		1.30406
	],
	[
		103.78802,
		1.30409
	],
	[
		103.78862,
		1.30447
	],
	[
		103.78867,
		1.30451
	],
	[
		103.78873,
		1.30455
	],
	[
		103.78957,
		1.3051
	],
	[
		103.78995,
		1.30539
	],
	[
		103.79001,
		1.30544
	],
	[
		103.79022,
		1.30569
	],
	[
		103.7905,
		1.30614
	],
	[
		103.79065,
		1.30643
	],
	[
		103.79066,
		1.30645
	],
	[
		103.79083,
		1.30679
	],
	[
		103.7909,
		1.30692
	],
	[
		103.79107,
		1.30745
	],
	[
		103.79106,
		1.30759
	],
	[
		103.79102,
		1.30774
	],
	[
		103.79097,
		1.30781
	],
	[
		103.79092,
		1.30788
	],
	[
		103.79077,
		1.30802
	],
	[
		103.79028,
		1.30822
	],
	[
		103.78996,
		1.30831
	],
	[
		103.78969,
		1.30833
	],
	[
		103.78963,
		1.30833
	],
	[
		103.78954,
		1.30833
	],
	[
		103.7896,
		1.30907
	],
	[
		103.78958,
		1.3093
	],
	[
		103.78958,
		1.30936
	],
	[
		103.78957,
		1.30946
	],
	[
		103.78951,
		1.30969
	],
	[
		103.78942,
		1.31008
	],
	[
		103.78933,
		1.31048
	],
	[
		103.7893,
		1.3106
	],
	[
		103.7892,
		1.31104
	],
	[
		103.78912,
		1.31139
	],
	[
		103.78909,
		1.31151
	],
	[
		103.78908,
		1.31155
	],
	[
		103.78906,
		1.31164
	],
	[
		103.78898,
		1.31178
	],
	[
		103.78893,
		1.31183
	],
	[
		103.78886,
		1.3119
	],
	[
		103.78872,
		1.31197
	],
	[
		103.78866,
		1.31198
	],
	[
		103.78848,
		1.31201
	],
	[
		103.78788,
		1.31187
	],
	[
		103.78771,
		1.31183
	],
	[
		103.78742,
		1.31176
	],
	[
		103.78734,
		1.31174
	],
	[
		103.78714,
		1.3117
	],
	[
		103.78693,
		1.31165
	],
	[
		103.78688,
		1.31164
	],
	[
		103.78681,
		1.31163
	],
	[
		103.78667,
		1.31163
	],
	[
		103.78655,
		1.31167
	],
	[
		103.78644,
		1.31174
	],
	[
		103.78634,
		1.31183
	],
	[
		103.78627,
		1.31194
	],
	[
		103.78586,
		1.31274
	],
	[
		103.78535,
		1.31371
	],
	[
		103.78511,
		1.31418
	],
	[
		103.78495,
		1.31449
	],
	[
		103.78479,
		1.3148
	],
	[
		103.78466,
		1.31495
	],
	[
		103.78456,
		1.31499
	],
	[
		103.78353,
		1.31538
	],
	[
		103.78311,
		1.31553
	],
	[
		103.78264,
		1.3157
	],
	[
		103.78262,
		1.31571
	],
	[
		103.7824,
		1.31578
	],
	[
		103.7824,
		1.31578
	],
	[
		103.78232,
		1.31581
	],
	[
		103.78225,
		1.31578
	],
	[
		103.78166,
		1.31653
	],
	[
		103.78151,
		1.31666
	],
	[
		103.781,
		1.31708
	],
	[
		103.78076,
		1.31727
	],
	[
		103.78049,
		1.31749
	],
	[
		103.78053,
		1.31758
	],
	[
		103.78084,
		1.31797
	],
	[
		103.78135,
		1.31859
	],
	[
		103.78175,
		1.31909
	],
	[
		103.7821,
		1.31952
	],
	[
		103.78152,
		1.32013
	],
	[
		103.78135,
		1.32026
	],
	[
		103.78087,
		1.32055
	],
	[
		103.78034,
		1.32077
	],
	[
		103.77993,
		1.32088
	],
	[
		103.77963,
		1.32091
	],
	[
		103.77932,
		1.32093
	],
	[
		103.77903,
		1.32091
	],
	[
		103.7787,
		1.32086
	],
	[
		103.77821,
		1.32079
	],
	[
		103.77727,
		1.32065
	],
	[
		103.77704,
		1.32036
	],
	[
		103.77713,
		1.31951
	],
	[
		103.77713,
		1.31917
	],
	[
		103.77712,
		1.31876
	],
	[
		103.77716,
		1.31821
	],
	[
		103.77728,
		1.31763
	],
	[
		103.77702,
		1.31707
	],
	[
		103.7769,
		1.31684
	],
	[
		103.77678,
		1.31658
	],
	[
		103.77677,
		1.31649
	],
	[
		103.77679,
		1.31639
	],
	[
		103.77697,
		1.31611
	],
	[
		103.7773,
		1.31558
	],
	[
		103.77737,
		1.31549
	],
	[
		103.77744,
		1.31544
	],
	[
		103.77764,
		1.3154
	],
	[
		103.77821,
		1.3154
	],
	[
		103.77868,
		1.3154
	],
	[
		103.77892,
		1.31551
	],
	[
		103.77937,
		1.31581
	],
	[
		103.77985,
		1.31615
	],
	[
		103.77996,
		1.31618
	],
	[
		103.78026,
		1.31637
	],
	[
		103.78066,
		1.31664
	],
	[
		103.781,
		1.31708
	],
	[
		103.78151,
		1.31666
	],
	[
		103.78166,
		1.31653
	],
	[
		103.78225,
		1.31578
	],
	[
		103.78232,
		1.31581
	],
	[
		103.7824,
		1.31578
	],
	[
		103.78262,
		1.31571
	],
	[
		103.78264,
		1.3157
	],
	[
		103.78311,
		1.31553
	],
	[
		103.78353,
		1.31538
	],
	[
		103.78456,
		1.31499
	],
	[
		103.78466,
		1.31495
	],
	[
		103.78479,
		1.3148
	],
	[
		103.78495,
		1.31449
	],
	[
		103.78511,
		1.31418
	],
	[
		103.78535,
		1.31371
	],
	[
		103.78586,
		1.31274
	],
	[
		103.78627,
		1.31194
	],
	[
		103.78634,
		1.31183
	],
	[
		103.78644,
		1.31174
	],
	[
		103.78655,
		1.31167
	],
	[
		103.78667,
		1.31163
	],
	[
		103.78681,
		1.31163
	],
	[
		103.78688,
		1.31164
	],
	[
		103.78693,
		1.31165
	],
	[
		103.78714,
		1.3117
	],
	[
		103.78734,
		1.31174
	],
	[
		103.78742,
		1.31176
	],
	[
		103.78771,
		1.31183
	],
	[
		103.78788,
		1.31187
	],
	[
		103.78848,
		1.31201
	],
	[
		103.78866,
		1.31198
	],
	[
		103.78872,
		1.31197
	],
	[
		103.78886,
		1.3119
	],
	[
		103.78893,
		1.31183
	],
	[
		103.78898,
		1.31178
	],
	[
		103.78906,
		1.31164
	],
	[
		103.78908,
		1.31155
	],
	[
		103.78909,
		1.31151
	],
	[
		103.78912,
		1.31139
	],
	[
		103.7892,
		1.31104
	]
]