[
	[
		103.74553,
		1.38606
	],
	[
		103.74551,
		1.38643
	],
	[
		103.74613,
		1.38646
	],
	[
		103.74613,
		1.3866
	],
	[
		103.74613,
		1.38705
	],
	[
		103.74603,
		1.38766
	],
	[
		103.74598,
		1.388
	],
	[
		103.74578,
		1.38886
	],
	[
		103.74571,
		1.38909
	],
	[
		103.74564,
		1.38931
	],
	[
		103.74555,
		1.38958
	],
	[
		103.74548,
		1.38981
	],
	[
		103.74586,
		1.38994
	],
	[
		103.74612,
		1.39
	],
	[
		103.74663,
		1.39007
	],
	[
		103.74699,
		1.39008
	],
	[
		103.74835,
		1.38995
	],
	[
		103.74961,
		1.38976
	],
	[
		103.75313,
		1.38908
	],
	[
		103.75345,
		1.38909
	],
	[
		103.75446,
		1.38908
	],
	[
		103.75637,
		1.38931
	],
	[
		103.75681,
		1.38934
	],
	[
		103.75729,
		1.38928
	],
	[
		103.75762,
		1.3891
	],
	[
		103.75779,
		1.38887
	],
	[
		103.75789,
		1.38863
	],
	[
		103.75792,
		1.38841
	],
	[
		103.75788,
		1.38816
	],
	[
		103.75766,
		1.38776
	],
	[
		103.7574,
		1.38748
	],
	[
		103.75661,
		1.38692
	],
	[
		103.75633,
		1.38672
	],
	[
		103.75627,
		1.3868
	],
	[
		103.7561,
		1.38704
	],
	[
		103.75584,
		1.38746
	],
	[
		103.75553,
		1.38799
	],
	[
		103.75553,
		1.38799
	],
	[
		103.75541,
		1.38824
	],
	[
		103.75516,
		1.38876
	],
	[
		103.75509,
		1.38891
	],
	[
		103.7549,
		1.38938
	],
	[
		103.75478,
		1.38974
	],
	[
		103.75465,
		1.39013
	],
	[
		103.75462,
		1.39023
	],
	[
		103.75437,
		1.39121
	],
	[
		103.75432,
		1.3914
	],
	[
		103.7543,
		1.39147
	],
	[
		103.75424,
		1.39167
	],
	[
		103.7542,
		1.392
	],
	[
		103.75413,
		1.39249
	],
	[
		103.7541,
		1.39273
	],
	[
		103.75395,
		1.39387
	],
	[
		103.75388,
		1.39436
	],
	[
		103.7539,
		1.39465
	],
	[
		103.75391,
		1.39494
	],
	[
		103.75391,
		1.39498
	],
	[
		103.75403,
		1.39536
	],
	[
		103.75415,
		1.39572
	],
	[
		103.75421,
		1.39588
	],
	[
		103.75431,
		1.3962
	],
	[
		103.75454,
		1.39688
	],
	[
		103.75485,
		1.39779
	],
	[
		103.75485,
		1.39779
	],
	[
		103.75497,
		1.39812
	],
	[
		103.75502,
		1.39826
	],
	[
		103.75506,
		1.39836
	],
	[
		103.75511,
		1.39851
	],
	[
		103.75517,
		1.39866
	],
	[
		103.75521,
		1.39875
	],
	[
		103.75531,
		1.39903
	],
	[
		103.75537,
		1.39915
	],
	[
		103.75564,
		1.40061
	],
	[
		103.75564,
		1.40061
	],
	[
		103.75604,
		1.40283
	],
	[
		103.7561,
		1.40337
	],
	[
		103.75611,
		1.40342
	],
	[
		103.75616,
		1.4039
	],
	[
		103.75616,
		1.40406
	],
	[
		103.75617,
		1.40488
	],
	[
		103.75617,
		1.40504
	],
	[
		103.75617,
		1.40507
	],
	[
		103.75617,
		1.40522
	],
	[
		103.75617,
		1.40685
	],
	[
		103.75616,
		1.40693
	],
	[
		103.75615,
		1.40719
	],
	[
		103.75614,
		1.40737
	],
	[
		103.75608,
		1.40774
	],
	[
		103.75604,
		1.40796
	],
	[
		103.75594,
		1.40864
	],
	[
		103.75579,
		1.40957
	],
	[
		103.75579,
		1.40958
	],
	[
		103.75577,
		1.4097
	],
	[
		103.75574,
		1.40998
	],
	[
		103.7558,
		1.41074
	],
	[
		103.75584,
		1.41131
	],
	[
		103.75585,
		1.41147
	],
	[
		103.75627,
		1.41152
	],
	[
		103.75632,
		1.41153
	],
	[
		103.75658,
		1.41156
	],
	[
		103.75715,
		1.41164
	],
	[
		103.75733,
		1.41166
	],
	[
		103.75788,
		1.41173
	],
	[
		103.75793,
		1.41173
	],
	[
		103.75915,
		1.41189
	],
	[
		103.75917,
		1.41189
	],
	[
		103.75951,
		1.4119
	],
	[
		103.75985,
		1.41188
	],
	[
		103.76031,
		1.4118
	],
	[
		103.76072,
		1.41167
	],
	[
		103.76101,
		1.41155
	],
	[
		103.76108,
		1.41151
	],
	[
		103.76118,
		1.41146
	],
	[
		103.76152,
		1.41129
	],
	[
		103.76191,
		1.4111
	],
	[
		103.76266,
		1.41072
	],
	[
		103.76306,
		1.41058
	],
	[
		103.76326,
		1.41053
	],
	[
		103.76345,
		1.41049
	],
	[
		103.76362,
		1.41045
	],
	[
		103.76563,
		1.41028
	],
	[
		103.76581,
		1.41026
	],
	[
		103.76614,
		1.41023
	],
	[
		103.76626,
		1.41022
	],
	[
		103.76635,
		1.41021
	],
	[
		103.76655,
		1.41019
	],
	[
		103.76662,
		1.41019
	],
	[
		103.76766,
		1.41014
	],
	[
		103.76944,
		1.41016
	],
	[
		103.76955,
		1.41015
	],
	[
		103.76978,
		1.41014
	],
	[
		103.77041,
		1.41011
	],
	[
		103.77112,
		1.41004
	],
	[
		103.77168,
		1.40999
	],
	[
		103.77219,
		1.40992
	],
	[
		103.77256,
		1.40991
	],
	[
		103.77286,
		1.40993
	],
	[
		103.77346,
		1.41004
	],
	[
		103.77454,
		1.41038
	],
	[
		103.77479,
		1.41046
	],
	[
		103.77514,
		1.41057
	],
	[
		103.77544,
		1.41063
	],
	[
		103.77596,
		1.41075
	],
	[
		103.77689,
		1.41086
	],
	[
		103.77752,
		1.41087
	],
	[
		103.77819,
		1.41083
	],
	[
		103.77848,
		1.4108
	],
	[
		103.77857,
		1.4108
	],
	[
		103.7787,
		1.4104
	],
	[
		103.77912,
		1.4099
	],
	[
		103.77934,
		1.40967
	],
	[
		103.77962,
		1.4094
	],
	[
		103.78052,
		1.40849
	],
	[
		103.78081,
		1.40829
	],
	[
		103.78109,
		1.40813
	],
	[
		103.78146,
		1.40797
	],
	[
		103.78197,
		1.40778
	],
	[
		103.78244,
		1.40766
	],
	[
		103.78276,
		1.40757
	],
	[
		103.78356,
		1.4074
	],
	[
		103.78408,
		1.40725
	],
	[
		103.78432,
		1.40715
	],
	[
		103.78447,
		1.40706
	],
	[
		103.78486,
		1.40673
	],
	[
		103.78632,
		1.40495
	],
	[
		103.78651,
		1.40468
	],
	[
		103.78675,
		1.40451
	],
	[
		103.78727,
		1.40426
	],
	[
		103.78768,
		1.40418
	],
	[
		103.78807,
		1.40418
	],
	[
		103.78828,
		1.4042
	],
	[
		103.78854,
		1.40422
	],
	[
		103.78873,
		1.40425
	],
	[
		103.78885,
		1.40427
	],
	[
		103.78896,
		1.40459
	],
	[
		103.78901,
		1.40467
	],
	[
		103.78903,
		1.40476
	],
	[
		103.78901,
		1.4049
	],
	[
		103.78946,
		1.40505
	],
	[
		103.78951,
		1.40502
	],
	[
		103.78955,
		1.40494
	],
	[
		103.78958,
		1.40481
	],
	[
		103.78956,
		1.40476
	],
	[
		103.78934,
		1.40469
	],
	[
		103.78916,
		1.40464
	],
	[
		103.78896,
		1.40459
	],
	[
		103.78904,
		1.40433
	],
	[
		103.78885,
		1.40427
	],
	[
		103.78873,
		1.40425
	],
	[
		103.78854,
		1.40422
	],
	[
		103.78828,
		1.4042
	],
	[
		103.78807,
		1.40418
	],
	[
		103.78768,
		1.40418
	],
	[
		103.78727,
		1.40426
	],
	[
		103.78675,
		1.40451
	],
	[
		103.78651,
		1.40468
	],
	[
		103.78632,
		1.40495
	],
	[
		103.78486,
		1.40673
	],
	[
		103.78447,
		1.40706
	],
	[
		103.78432,
		1.40715
	],
	[
		103.78408,
		1.40725
	],
	[
		103.78356,
		1.4074
	],
	[
		103.78276,
		1.40757
	],
	[
		103.78244,
		1.40766
	],
	[
		103.78197,
		1.40778
	],
	[
		103.78146,
		1.40797
	],
	[
		103.78109,
		1.40813
	],
	[
		103.78081,
		1.40829
	],
	[
		103.78052,
		1.40849
	],
	[
		103.77962,
		1.4094
	],
	[
		103.77934,
		1.40967
	],
	[
		103.77912,
		1.4099
	],
	[
		103.7787,
		1.4104
	],
	[
		103.77846,
		1.41062
	],
	[
		103.77819,
		1.41083
	],
	[
		103.77752,
		1.41087
	],
	[
		103.77689,
		1.41086
	],
	[
		103.77596,
		1.41075
	],
	[
		103.77544,
		1.41063
	],
	[
		103.77514,
		1.41057
	],
	[
		103.77479,
		1.41046
	],
	[
		103.77454,
		1.41038
	],
	[
		103.77346,
		1.41004
	],
	[
		103.77286,
		1.40993
	],
	[
		103.77256,
		1.40991
	],
	[
		103.77219,
		1.40992
	],
	[
		103.77168,
		1.40999
	],
	[
		103.77112,
		1.41004
	],
	[
		103.77041,
		1.41011
	],
	[
		103.76978,
		1.41014
	],
	[
		103.76955,
		1.41015
	],
	[
		103.76944,
		1.41016
	],
	[
		103.76766,
		1.41014
	],
	[
		103.76662,
		1.41019
	],
	[
		103.76655,
		1.41019
	],
	[
		103.76635,
		1.41021
	],
	[
		103.76626,
		1.41022
	],
	[
		103.76614,
		1.41023
	],
	[
		103.76581,
		1.41026
	],
	[
		103.76563,
		1.41028
	],
	[
		103.76362,
		1.41045
	],
	[
		103.76345,
		1.41049
	],
	[
		103.76326,
		1.41053
	],
	[
		103.76306,
		1.41058
	],
	[
		103.76266,
		1.41072
	],
	[
		103.76191,
		1.4111
	],
	[
		103.76152,
		1.41129
	],
	[
		103.76118,
		1.41146
	],
	[
		103.76108,
		1.41151
	],
	[
		103.76101,
		1.41155
	],
	[
		103.76072,
		1.41167
	],
	[
		103.76031,
		1.4118
	],
	[
		103.75985,
		1.41188
	],
	[
		103.75951,
		1.4119
	],
	[
		103.75917,
		1.41189
	],
	[
		103.75915,
		1.41189
	],
	[
		103.75793,
		1.41173
	],
	[
		103.75788,
		1.41173
	],
	[
		103.75733,
		1.41166
	],
	[
		103.75715,
		1.41164
	],
	[
		103.75658,
		1.41156
	],
	[
		103.75632,
		1.41153
	],
	[
		103.75627,
		1.41152
	],
	[
		103.75607,
		1.41138
	],
	[
		103.75599,
		1.41132
	],
	[
		103.75594,
		1.41124
	],
	[
		103.75589,
		1.41112
	],
	[
		103.7558,
		1.41074
	],
	[
		103.75574,
		1.40998
	],
	[
		103.75577,
		1.4097
	],
	[
		103.75579,
		1.40958
	],
	[
		103.75579,
		1.40957
	],
	[
		103.75594,
		1.40864
	],
	[
		103.75604,
		1.40796
	],
	[
		103.75608,
		1.40774
	],
	[
		103.75614,
		1.40737
	],
	[
		103.75615,
		1.40719
	],
	[
		103.75616,
		1.40693
	],
	[
		103.75617,
		1.40685
	],
	[
		103.75617,
		1.40522
	],
	[
		103.75617,
		1.40507
	],
	[
		103.75617,
		1.40504
	],
	[
		103.75617,
		1.40488
	],
	[
		103.75616,
		1.40406
	],
	[
		103.75616,
		1.4039
	],
	[
		103.75611,
		1.40342
	],
	[
		103.7561,
		1.40337
	],
	[
		103.75604,
		1.40283
	],
	[
		103.75537,
		1.39915
	],
	[
		103.75531,
		1.39903
	],
	[
		103.75521,
		1.39875
	],
	[
		103.75517,
		1.39866
	],
	[
		103.75511,
		1.39851
	],
	[
		103.75506,
		1.39836
	],
	[
		103.75502,
		1.39826
	],
	[
		103.75497,
		1.39812
	],
	[
		103.75485,
		1.39779
	],
	[
		103.75485,
		1.39779
	],
	[
		103.75454,
		1.39688
	],
	[
		103.75431,
		1.3962
	],
	[
		103.75421,
		1.39588
	],
	[
		103.75415,
		1.39572
	],
	[
		103.75403,
		1.39536
	],
	[
		103.75391,
		1.39498
	],
	[
		103.75391,
		1.39494
	],
	[
		103.7539,
		1.39465
	],
	[
		103.75388,
		1.39436
	],
	[
		103.75395,
		1.39387
	],
	[
		103.7541,
		1.39273
	],
	[
		103.7541,
		1.39271
	],
	[
		103.75413,
		1.39249
	],
	[
		103.7542,
		1.392
	],
	[
		103.75424,
		1.39167
	],
	[
		103.7543,
		1.39147
	],
	[
		103.75432,
		1.3914
	],
	[
		103.75436,
		1.39123
	],
	[
		103.75437,
		1.39121
	],
	[
		103.75462,
		1.39023
	],
	[
		103.75465,
		1.39013
	],
	[
		103.7549,
		1.38938
	],
	[
		103.75509,
		1.38891
	],
	[
		103.75516,
		1.38876
	],
	[
		103.75541,
		1.38824
	],
	[
		103.75553,
		1.38799
	],
	[
		103.75553,
		1.38799
	],
	[
		103.75584,
		1.38746
	],
	[
		103.75618,
		1.38722
	],
	[
		103.75635,
		1.38714
	],
	[
		103.75656,
		1.38712
	],
	[
		103.75673,
		1.38716
	],
	[
		103.75682,
		1.38723
	],
	[
		103.75711,
		1.38747
	],
	[
		103.75729,
		1.38765
	],
	[
		103.75735,
		1.38785
	],
	[
		103.75737,
		1.38802
	],
	[
		103.75735,
		1.38813
	],
	[
		103.75729,
		1.38825
	],
	[
		103.75712,
		1.38836
	],
	[
		103.75686,
		1.38844
	],
	[
		103.75601,
		1.38855
	],
	[
		103.75547,
		1.38863
	],
	[
		103.75474,
		1.38867
	],
	[
		103.75411,
		1.38873
	],
	[
		103.75358,
		1.3888
	],
	[
		103.75294,
		1.3889
	],
	[
		103.75233,
		1.38904
	],
	[
		103.74945,
		1.38961
	],
	[
		103.74858,
		1.38956
	],
	[
		103.7482,
		1.38953
	],
	[
		103.74757,
		1.38942
	],
	[
		103.74621,
		1.38897
	],
	[
		103.74609,
		1.38889
	],
	[
		103.74598,
		1.38873
	],
	[
		103.74595,
		1.38861
	],
	[
		103.74598,
		1.388
	],
	[
		103.74603,
		1.38766
	],
	[
		103.74613,
		1.38705
	],
	[
		103.74613,
		1.3866
	],
	[
		103.74613,
		1.38646
	],
	[
		103.74551,
		1.38643
	],
	[
		103.74553,
		1.38606
	]
]