[
	[
		103.7892,
		1.31104
	],
	[
		103.7892,
		1.31104
	],
	[
		103.7893,
		1.3106
	],
	[
		103.78933,
		1.31048
	],
	[
		103.78942,
		1.31008
	],
	[
		103.78951,
		1.30969
	],
	[
		103.78957,
		1.30946
	],
	[
		103.78958,
		1.30936
	],
	[
		103.78958,
		1.3093
	],
	[
		103.7896,
		1.30907
	],
	[
		103.78954,
		1.30833
	],
	[
		103.78963,
		1.30833
	],
	[
		103.78969,
		1.30833
	],
	[
		103.78996,
		1.30831
	],
	[
		103.79028,
		1.30822
	],
	[
		103.79077,
		1.30802
	],
	[
		103.79122,
		1.30784
	],
	[
		103.79119,
		1.30776
	],
	[
		103.79107,
		1.30745
	],
	[
		103.7909,
		1.30692
	],
	[
		103.79083,
		1.30679
	],
	[
		103.79066,
		1.30646
	],
	[
		103.79066,
		1.30645
	],
	[
		103.79065,
		1.30643
	],
	[
		103.79065,
		1.30643
	],
	[
		103.7905,
		1.30614
	],
	[
		103.79038,
		1.30594
	],
	[
		103.79022,
		1.30569
	],
	[
		103.79001,
		1.30544
	],
	[
		103.78995,
		1.30539
	],
	[
		103.78957,
		1.3051
	],
	[
		103.78939,
		1.30498
	],
	[
		103.78873,
		1.30455
	],
	[
		103.78867,
		1.30451
	],
	[
		103.78862,
		1.30447
	],
	[
		103.78802,
		1.30409
	],
	[
		103.78798,
		1.30406
	],
	[
		103.78781,
		1.30392
	],
	[
		103.78764,
		1.3037
	],
	[
		103.78747,
		1.3035
	],
	[
		103.78742,
		1.30345
	],
	[
		103.78739,
		1.30339
	],
	[
		103.78726,
		1.30314
	],
	[
		103.78708,
		1.30271
	],
	[
		103.78705,
		1.30257
	],
	[
		103.78699,
		1.30228
	],
	[
		103.787,
		1.3019
	],
	[
		103.78704,
		1.30166
	],
	[
		103.78713,
		1.30134
	],
	[
		103.78724,
		1.30112
	],
	[
		103.7873,
		1.30102
	],
	[
		103.78751,
		1.30092
	],
	[
		103.78791,
		1.30081
	],
	[
		103.78798,
		1.30076
	],
	[
		103.78827,
		1.30053
	],
	[
		103.78851,
		1.30043
	],
	[
		103.78863,
		1.30041
	],
	[
		103.7887,
		1.3004
	],
	[
		103.7892,
		1.30044
	],
	[
		103.78938,
		1.30095
	],
	[
		103.78946,
		1.30141
	],
	[
		103.78935,
		1.30199
	],
	[
		103.78914,
		1.30244
	],
	[
		103.7888,
		1.30286
	],
	[
		103.78879,
		1.30286
	],
	[
		103.78834,
		1.30319
	],
	[
		103.78788,
		1.30336
	],
	[
		103.78742,
		1.30345
	],
	[
		103.78747,
		1.3035
	],
	[
		103.78764,
		1.3037
	],
	[
		103.78781,
		1.30392
	],
	[
		103.78798,
		1.30406
	],
	[
		103.78802,
		1.30409
	],
	[
		103.78862,
		1.30447
	],
	[
		103.78867,
		1.30451
	],
	[
		103.78873,
		1.30455
	],
	[
		103.78939,
		1.30498
	],
	[
		103.78957,
		1.3051
	],
	[
		103.78995,
		1.30539
	],
	[
		103.79001,
		1.30544
	],
	[
		103.79022,
		1.30569
	],
	[
		103.79038,
		1.30594
	],
	[
		103.7905,
		1.30614
	],
	[
		103.79065,
		1.30643
	],
	[
		103.79065,
		1.30643
	],
	[
		103.79066,
		1.30645
	],
	[
		103.79066,
		1.30646
	],
	[
		103.79083,
		1.30679
	],
	[
		103.7909,
		1.30692
	],
	[
		103.79107,
		1.30745
	],
	[
		103.79106,
		1.30759
	],
	[
		103.79102,
		1.30774
	],
	[
		103.79097,
		1.30781
	],
	[
		103.79092,
		1.30788
	],
	[
		103.79077,
		1.30802
	],
	[
		103.79028,
		1.30822
	],
	[
		103.78996,
		1.30831
	],
	[
		103.78969,
		1.30833
	],
	[
		103.78963,
		1.30833
	],
	[
		103.78954,
		1.30833
	],
	[
		103.7896,
		1.30907
	],
	[
		103.78958,
		1.3093
	],
	[
		103.78958,
		1.30936
	],
	[
		103.78957,
		1.30946
	],
	[
		103.78951,
		1.30969
	],
	[
		103.78942,
		1.31008
	],
	[
		103.78933,
		1.31048
	],
	[
		103.7893,
		1.3106
	],
	[
		103.7892,
		1.31104
	],
	[
		103.7892,
		1.31104
	],
	[
		103.78919,
		1.31108
	],
	[
		103.78912,
		1.31139
	],
	[
		103.78909,
		1.31151
	],
	[
		103.78908,
		1.31155
	],
	[
		103.78906,
		1.31164
	],
	[
		103.78898,
		1.31178
	],
	[
		103.78893,
		1.31183
	],
	[
		103.78886,
		1.3119
	],
	[
		103.78872,
		1.31197
	],
	[
		103.78866,
		1.31198
	],
	[
		103.78848,
		1.31201
	],
	[
		103.78788,
		1.31187
	],
	[
		103.78771,
		1.31183
	],
	[
		103.78742,
		1.31176
	],
	[
		103.78734,
		1.31174
	],
	[
		103.78714,
		1.3117
	],
	[
		103.78693,
		1.31165
	],
	[
		103.78688,
		1.31164
	],
	[
		103.78681,
		1.31163
	],
	[
		103.78667,
		1.31163
	],
	[
		103.78655,
		1.31167
	],
	[
		103.78644,
		1.31174
	],
	[
		103.78634,
		1.31183
	],
	[
		103.78627,
		1.31194
	],
	[
		103.78586,
		1.31274
	],
	[
		103.78535,
		1.31371
	],
	[
		103.78511,
		1.31418
	],
	[
		103.78495,
		1.31449
	],
	[
		103.78479,
		1.3148
	],
	[
		103.78466,
		1.31495
	],
	[
		103.78456,
		1.31499
	],
	[
		103.78353,
		1.31538
	],
	[
		103.78311,
		1.31553
	],
	[
		103.78264,
		1.3157
	],
	[
		103.78262,
		1.31571
	],
	[
		103.7824,
		1.31578
	],
	[
		103.7824,
		1.31578
	],
	[
		103.78232,
		1.31581
	],
	[
		103.78225,
		1.31578
	],
	[
		103.78166,
		1.31653
	],
	[
		103.78151,
		1.31666
	],
	[
		103.781,
		1.31708
	],
	[
		103.78076,
		1.31727
	],
	[
		103.78049,
		1.31749
	],
	[
		103.78053,
		1.31758
	],
	[
		103.78084,
		1.31797
	],
	[
		103.78135,
		1.31859
	],
	[
		103.78175,
		1.31909
	],
	[
		103.7821,
		1.31952
	],
	[
		103.78152,
		1.32013
	],
	[
		103.78135,
		1.32026
	],
	[
		103.78087,
		1.32055
	],
	[
		103.78034,
		1.32077
	],
	[
		103.77993,
		1.32088
	],
	[
		103.77964,
		1.32091
	],
	[
		103.77963,
		1.32091
	],
	[
		103.77932,
		1.32093
	],
	[
		103.77903,
		1.32091
	],
	[
		103.7787,
		1.32086
	],
	[
		103.77821,
		1.32079
	],
	[
		103.77727,
		1.32065
	],
	[
		103.77704,
		1.32036
	],
	[
		103.77713,
		1.31951
	],
	[
		103.77713,
		1.31917
	],
	[
		103.77712,
		1.31876
	],
	[
		103.77716,
		1.31821
	],
	[
		103.77728,
		1.31763
	],
	[
		103.77702,
		1.31707
	],
	[
		103.7769,
		1.31684
	],
	[
		103.77678,
		1.31658
	],
	[
		103.77677,
		1.31649
	],
	[
		103.77679,
		1.31639
	],
	[
		103.77697,
		1.31611
	],
	[
		103.7773,
		1.31558
	],
	[
		103.77737,
		1.31549
	],
	[
		103.77744,
		1.31544
	],
	[
		103.77764,
		1.3154
	],
	[
		103.77821,
		1.3154
	],
	[
		103.77868,
		1.3154
	],
	[
		103.77892,
		1.31551
	],
	[
		103.77937,
		1.31581
	],
	[
		103.77985,
		1.31615
	],
	[
		103.77996,
		1.31618
	],
	[
		103.78026,
		1.31637
	],
	[
		103.78066,
		1.31664
	],
	[
		103.781,
		1.31708
	],
	[
		103.78151,
		1.31666
	],
	[
		103.78166,
		1.31653
	],
	[
		103.78225,
		1.31578
	],
	[
		103.78232,
		1.31581
	],
	[
		103.7824,
		1.31578
	],
	[
		103.78262,
		1.31571
	],
	[
		103.78264,
		1.3157
	],
	[
		103.78311,
		1.31553
	],
	[
		103.78353,
		1.31538
	],
	[
		103.78456,
		1.31499
	],
	[
		103.78466,
		1.31495
	],
	[
		103.78479,
		1.3148
	],
	[
		103.78495,
		1.31449
	],
	[
		103.78511,
		1.31418
	],
	[
		103.78535,
		1.31371
	],
	[
		103.78586,
		1.31274
	],
	[
		103.78627,
		1.31194
	],
	[
		103.78634,
		1.31183
	],
	[
		103.78644,
		1.31174
	],
	[
		103.78655,
		1.31167
	],
	[
		103.78667,
		1.31163
	],
	[
		103.78681,
		1.31163
	],
	[
		103.78688,
		1.31164
	],
	[
		103.78693,
		1.31165
	],
	[
		103.78714,
		1.3117
	],
	[
		103.78734,
		1.31174
	],
	[
		103.78742,
		1.31176
	],
	[
		103.78771,
		1.31183
	],
	[
		103.78788,
		1.31187
	],
	[
		103.78848,
		1.31201
	],
	[
		103.78866,
		1.31198
	],
	[
		103.78872,
		1.31197
	],
	[
		103.78886,
		1.3119
	],
	[
		103.78893,
		1.31183
	],
	[
		103.78898,
		1.31178
	],
	[
		103.78906,
		1.31164
	],
	[
		103.78908,
		1.31155
	],
	[
		103.78909,
		1.31151
	],
	[
		103.78912,
		1.31139
	],
	[
		103.78919,
		1.31108
	],
	[
		103.7892,
		1.31104
	]
]