[
	[
		103.751062,
		1.349994
	],
	[
		103.749988,
		1.351555
	],
	[
		103.746816,
		1.352265
	],
	[
		103.742874,
		1.353326
	],
	[
		103.741002,
		1.354997
	],
	[
		103.740856,
		1.357154
	],
	[
		103.739502,
		1.359157
	],
	[
		103.73427,
		1.35636
	],
	[
		103.736664,
		1.356298
	],
	[
		103.738602,
		1.358861
	],
	[
		103.741396,
		1.357634
	],
	[
		103.740906,
		1.355402
	],
	[
		103.742991,
		1.353676
	],
	[
		103.746236,
		1.352355
	],
	[
		103.750199,
		1.351765
	],
	[
		103.751062,
		1.349994
	]
]