[
	[
		103.740664,
		1.33235
	],
	[
		103.738849,
		1.335766
	],
	[
		103.739042,
		1.33765
	],
	[
		103.736648,
		1.339508
	],
	[
		103.735375,
		1.34206
	],
	[
		103.736275,
		1.344236
	],
	[
		103.738075,
		1.348087
	],
	[
		103.739472,
		1.351745
	],
	[
		103.740304,
		1.353303
	],
	[
		103.741002,
		1.354997
	],
	[
		103.740856,
		1.357154
	],
	[
		103.74177,
		1.361956
	],
	[
		103.739502,
		1.359157
	],
	[
		103.738908,
		1.357305
	],
	[
		103.740906,
		1.355402
	],
	[
		103.740877,
		1.353474
	],
	[
		103.739619,
		1.350969
	],
	[
		103.7385,
		1.3479
	],
	[
		103.736802,
		1.344632
	],
	[
		103.735688,
		1.341999
	],
	[
		103.736346,
		1.340164
	],
	[
		103.738601,
		1.338399
	],
	[
		103.739661,
		1.336414
	],
	[
		103.740664,
		1.33235
	]
]