[
	[
		103.953466,
		1.342262
	],
	[
		103.955888,
		1.344318
	],
	[
		103.957705,
		1.345631
	],
	[
		103.95776,
		1.347194
	],
	[
		103.954802,
		1.353033
	],
	[
		103.955298,
		1.35508
	],
	[
		103.957362,
		1.356669
	],
	[
		103.959171,
		1.358458
	],
	[
		103.962916,
		1.362214
	],
	[
		103.965377,
		1.364737
	],
	[
		103.969683,
		1.369059
	],
	[
		103.970232,
		1.372055
	],
	[
		103.972259,
		1.374114
	],
	[
		103.977166,
		1.376528
	],
	[
		103.978389,
		1.379654
	],
	[
		103.978122,
		1.383281
	],
	[
		103.979169,
		1.386671
	],
	[
		103.981778,
		1.387906
	],
	[
		103.985473,
		1.3878
	],
	[
		103.988503,
		1.387754
	],
	[
		103.991021,
		1.391128
	],
	[
		103.992957,
		1.390262
	],
	[
		103.995122,
		1.389947
	],
	[
		103.997617,
		1.38959
	],
	[
		103.999714,
		1.387214
	],
	[
		103.999834,
		1.385252
	],
	[
		103.998191,
		1.381386
	],
	[
		103.996539,
		1.377552
	],
	[
		103.996196,
		1.375283
	]
]